Date,Open,High,Low,Close,Volume
2016-04-25,36.47999954223633,36.689998626708984,35.959999084472656,36.040000915527344,676500
2016-04-26,36.15999984741211,36.349998474121094,35.220001220703125,35.279998779296875,1088400
2016-04-27,35.349998474121094,35.400001525878906,34.52000045776367,35.0,1966100
2016-04-28,34.90999984741211,35.5099983215332,34.25,34.34000015258789,1477200
2016-04-29,34.25,34.45000076293945,33.66999816894531,34.18000030517578,1385300
2016-05-02,34.2400016784668,35.45000076293945,34.22999954223633,35.43000030517578,1640700
2016-05-03,34.939998626708984,35.11000061035156,34.22999954223633,34.29999923706055,1809900
2016-05-04,34.18000030517578,34.33000183105469,33.83000183105469,33.91999816894531,1587500
2016-05-05,34.04999923706055,34.400001525878906,33.849998474121094,34.02000045776367,746000
2016-05-06,34.09000015258789,35.0099983215332,33.79999923706055,34.91999816894531,1724000
2016-05-09,34.790000915527344,35.380001068115234,34.52000045776367,34.689998626708984,796400
2016-05-10,34.75,35.02000045776367,34.34000015258789,34.77000045776367,1045100
2016-05-11,35.33000183105469,36.4900016784668,35.33000183105469,35.70000076293945,2165000
2016-05-12,35.880001068115234,36.41999816894531,35.7400016784668,36.290000915527344,1300600
2016-05-13,36.310001373291016,37.0,36.27000045776367,36.959999084472656,1826000
2016-05-16,36.970001220703125,37.29999923706055,36.119998931884766,36.88999938964844,2115600
2016-05-17,36.95000076293945,37.029998779296875,35.83000183105469,36.0,2436500
2016-05-18,35.970001220703125,36.099998474121094,35.16999816894531,35.68000030517578,3061300
2016-05-19,33.31999969482422,37.36000061035156,33.060001373291016,37.290000915527344,5189800
2016-05-20,37.34000015258789,37.34000015258789,35.939998626708984,36.369998931884766,3572600
2016-05-23,36.470001220703125,37.0,36.08000183105469,36.43000030517578,1626700
2016-05-24,36.459999084472656,38.349998474121094,36.369998931884766,38.33000183105469,2256900
2016-05-25,38.220001220703125,38.310001373291016,37.619998931884766,38.189998626708984,2029800
2016-05-26,38.34000015258789,38.720001220703125,37.869998931884766,38.650001525878906,1303600
2016-05-27,38.650001525878906,39.060001373291016,38.58000183105469,38.79999923706055,1028700
2016-05-31,38.75,39.29999923706055,38.5099983215332,38.90999984741211,1888400
2016-06-01,38.61000061035156,38.93000030517578,38.34000015258789,38.5,1411200
2016-06-02,38.209999084472656,38.93000030517578,38.0,38.900001525878906,1387700
2016-06-03,38.63999938964844,39.04999923706055,38.38999938964844,38.790000915527344,1102900
2016-06-06,38.75,39.29999923706055,38.439998626708984,39.09000015258789,1243500
2016-06-07,39.20000076293945,40.16999816894531,39.189998626708984,39.869998931884766,2496200
2016-06-08,39.27000045776367,39.70000076293945,38.66999816894531,39.65999984741211,2851600
2016-06-09,39.369998931884766,40.0,39.09000015258789,39.58000183105469,1961500
2016-06-10,39.0,39.56999969482422,38.810001373291016,39.040000915527344,1443700
2016-06-13,38.66999816894531,39.380001068115234,38.220001220703125,38.22999954223633,1366400
2016-06-14,38.220001220703125,38.540000915527344,37.7599983215332,38.36000061035156,2203500
2016-06-15,38.400001525878906,38.66999816894531,37.400001525878906,37.5099983215332,2213300
2016-06-16,37.369998931884766,38.11000061035156,37.099998474121094,37.77000045776367,1664400
2016-06-17,37.689998626708984,37.720001220703125,36.81999969482422,37.09000015258789,1678000
2016-06-20,37.43000030517578,38.029998779296875,37.27000045776367,37.779998779296875,1709000
2016-06-21,37.849998474121094,38.11000061035156,37.189998626708984,37.310001373291016,819800
2016-06-22,37.15999984741211,37.5099983215332,37.04999923706055,37.18000030517578,609300
2016-06-23,37.400001525878906,37.97999954223633,37.25,37.970001220703125,1019400
2016-06-24,36.279998779296875,37.29999923706055,35.9900016784668,35.9900016784668,3615100
2016-06-27,35.630001068115234,35.630001068115234,35.0,35.5,2112800
2016-06-28,35.959999084472656,36.2400016784668,35.70000076293945,36.150001525878906,1223900
2016-06-29,36.529998779296875,36.84000015258789,36.380001068115234,36.619998931884766,985400
2016-06-30,36.689998626708984,37.93000030517578,36.650001525878906,37.91999816894531,1532300
2016-07-01,37.63999938964844,38.43000030517578,37.63999938964844,37.91999816894531,1100400
2016-07-05,37.84000015258789,38.09000015258789,37.72999954223633,38.029998779296875,626800
2016-07-06,37.9900016784668,38.86000061035156,37.84000015258789,38.599998474121094,1116200
2016-07-07,38.7400016784668,39.29999923706055,38.66999816894531,39.22999954223633,1078900
2016-07-08,39.54999923706055,40.130001068115234,39.2400016784668,39.84000015258789,1116700
2016-07-11,39.9900016784668,40.86000061035156,39.9900016784668,40.689998626708984,1260600
2016-07-12,41.09000015258789,41.709999084472656,40.79999923706055,41.34000015258789,1486800
2016-07-13,41.4900016784668,41.4900016784668,39.83000183105469,39.90999984741211,2700300
2016-07-14,40.20000076293945,40.9900016784668,38.7400016784668,39.959999084472656,2105900
2016-07-15,40.0099983215332,40.52000045776367,39.810001373291016,40.45000076293945,1195800
2016-07-18,40.540000915527344,41.08000183105469,40.369998931884766,40.65999984741211,980800
2016-07-19,40.70000076293945,40.70000076293945,39.90999984741211,39.93000030517578,1198900
2016-07-20,40.20000076293945,40.7599983215332,39.95000076293945,40.52000045776367,865600
2016-07-21,40.61000061035156,40.70000076293945,39.90999984741211,40.099998474121094,637100
2016-07-22,40.119998931884766,41.0099983215332,40.0,40.56999969482422,847600
2016-07-25,40.380001068115234,40.79999923706055,40.34000015258789,40.68000030517578,705700
2016-07-26,40.790000915527344,40.90999984741211,40.0,40.18000030517578,618800
2016-07-27,40.41999816894531,40.63999938964844,39.97999954223633,40.45000076293945,705300
2016-07-28,40.369998931884766,40.63999938964844,40.15999984741211,40.31999969482422,628600
2016-07-29,40.400001525878906,40.45000076293945,40.04999923706055,40.18000030517578,791700
2016-08-01,40.060001373291016,40.52000045776367,40.060001373291016,40.290000915527344,659300
2016-08-02,40.400001525878906,40.47999954223633,40.0099983215332,40.16999816894531,962400
2016-08-03,40.0,40.849998474121094,40.0,40.790000915527344,955900
2016-08-04,40.90999984741211,41.209999084472656,40.45000076293945,40.56999969482422,2013200
2016-08-05,42.5,42.97999954223633,40.959999084472656,41.369998931884766,3343100
2016-08-08,41.41999816894531,41.56999969482422,40.93000030517578,40.97999954223633,2622200
2016-08-09,41.20000076293945,41.619998931884766,40.650001525878906,41.38999938964844,1919500
2016-08-10,41.34000015258789,41.40999984741211,41.0,41.34000015258789,2405800
2016-08-11,41.630001068115234,41.83000183105469,41.20000076293945,41.439998626708984,1052000
2016-08-12,41.40999984741211,41.40999984741211,40.900001525878906,41.34000015258789,919300
2016-08-15,41.5,42.4900016784668,41.34000015258789,42.34000015258789,1346800
2016-08-16,42.27000045776367,42.27000045776367,41.18000030517578,41.220001220703125,1306700
2016-08-17,41.130001068115234,42.2400016784668,40.849998474121094,41.060001373291016,1930700
2016-08-18,40.939998626708984,41.380001068115234,40.900001525878906,41.09000015258789,1169300
2016-08-19,41.119998931884766,41.630001068115234,40.720001220703125,40.97999954223633,991200
2016-08-22,40.7599983215332,41.29999923706055,40.630001068115234,41.290000915527344,922600
2016-08-23,41.529998779296875,42.279998779296875,41.38999938964844,42.25,985400
2016-08-24,42.20000076293945,42.66999816894531,42.060001373291016,42.220001220703125,994500
2016-08-25,42.029998779296875,42.31999969482422,41.79999923706055,42.310001373291016,2314500
2016-08-26,42.16999816894531,42.689998626708984,41.869998931884766,42.2400016784668,1621000
2016-08-29,42.439998626708984,44.5,42.31999969482422,44.16999816894531,3626400
2016-08-30,44.25,44.470001220703125,43.54999923706055,43.810001373291016,1041200
2016-08-31,43.630001068115234,43.77000045776367,43.290000915527344,43.470001220703125,967700
2016-09-01,43.5,43.84000015258789,43.0099983215332,43.7599983215332,1068700
2016-09-02,44.0,45.040000915527344,43.84000015258789,44.70000076293945,1617500
2016-09-06,44.90999984741211,45.040000915527344,44.41999816894531,44.650001525878906,908600
2016-09-07,44.779998779296875,44.779998779296875,43.119998931884766,43.560001373291016,1954400
2016-09-08,43.43000030517578,43.7599983215332,42.88999938964844,43.279998779296875,2311100
2016-09-09,43.060001373291016,43.58000183105469,42.689998626708984,42.7400016784668,1361900
2016-09-12,42.540000915527344,43.56999969482422,42.349998474121094,43.540000915527344,1196000
2016-09-13,43.529998779296875,43.97999954223633,43.22999954223633,43.779998779296875,1233900
2016-09-14,43.7599983215332,44.36000061035156,43.7599983215332,44.11000061035156,1031100
2016-09-15,45.79999923706055,45.79999923706055,43.970001220703125,45.22999954223633,1416200
2016-09-16,45.2599983215332,45.2599983215332,44.38999938964844,44.72999954223633,2191600
2016-09-19,44.93000030517578,45.15999984741211,44.16999816894531,44.709999084472656,894300
2016-09-20,44.9900016784668,45.459999084472656,44.81999969482422,45.2400016784668,896900
2016-09-21,45.65999984741211,46.45000076293945,45.15999984741211,46.34000015258789,1748500
2016-09-22,46.52000045776367,46.779998779296875,45.689998626708984,45.869998931884766,1677000
2016-09-23,45.90999984741211,46.439998626708984,45.38999938964844,46.31999969482422,1643300
2016-09-26,46.029998779296875,46.439998626708984,45.880001068115234,45.900001525878906,1473000
2016-09-27,45.93000030517578,46.2599983215332,45.56999969482422,46.11000061035156,1161600
2016-09-28,45.72999954223633,46.130001068115234,45.119998931884766,45.36000061035156,1999900
2016-09-29,45.36000061035156,45.439998626708984,44.90999984741211,45.16999816894531,1112800
2016-09-30,45.13999938964844,45.52000045776367,44.83000183105469,45.08000183105469,1443200
2016-10-03,44.790000915527344,45.349998474121094,44.560001373291016,45.15999984741211,1186600
2016-10-04,45.290000915527344,45.650001525878906,45.16999816894531,45.5,1139100
2016-10-05,45.650001525878906,45.7400016784668,45.099998474121094,45.61000061035156,652500
2016-10-06,45.790000915527344,46.0,45.06999969482422,45.4900016784668,974300
2016-10-07,46.4900016784668,46.4900016784668,44.5,44.689998626708984,1499800
2016-10-10,44.810001373291016,45.209999084472656,43.31999969482422,43.77000045776367,3349800
2016-10-11,43.77000045776367,43.97999954223633,41.91999816894531,42.220001220703125,3408500
2016-10-12,42.18000030517578,42.52000045776367,41.810001373291016,42.5,1176800
2016-10-13,42.189998626708984,42.52000045776367,41.70000076293945,42.349998474121094,954400
2016-10-14,42.869998931884766,43.970001220703125,42.650001525878906,42.689998626708984,4097100
2016-10-17,44.5,45.849998474121094,44.5,44.849998474121094,7107600
2016-10-18,45.470001220703125,45.709999084472656,44.310001373291016,45.09000015258789,3339100
2016-10-19,45.060001373291016,45.47999954223633,44.06999969482422,44.220001220703125,1295700
2016-10-20,44.15999984741211,45.060001373291016,43.93000030517578,44.97999954223633,1556600
2016-10-21,44.83000183105469,45.08000183105469,44.380001068115234,44.9900016784668,1356400
2016-10-24,45.470001220703125,45.939998626708984,45.25,45.90999984741211,1393700
2016-10-25,45.810001373291016,46.220001220703125,45.45000076293945,45.880001068115234,1351800
2016-10-26,45.79999923706055,45.95000076293945,45.13999938964844,45.310001373291016,1539900
2016-10-27,45.470001220703125,45.880001068115234,44.9900016784668,45.099998474121094,787800
2016-10-28,45.06999969482422,45.119998931884766,44.279998779296875,44.709999084472656,1750200
2016-10-31,44.9900016784668,45.099998474121094,43.97999954223633,44.38999938964844,2282900
2016-11-01,44.290000915527344,44.599998474121094,43.86000061035156,43.93000030517578,1558400
2016-11-02,43.66999816894531,45.150001525878906,43.33000183105469,44.79999923706055,3733400
2016-11-03,49.220001220703125,49.9900016784668,47.16999816894531,48.290000915527344,6071200
2016-11-04,48.290000915527344,48.869998931884766,47.63999938964844,48.29999923706055,2265100
2016-11-07,49.040000915527344,50.189998626708984,48.59000015258789,49.56999969482422,3237000
2016-11-08,49.31999969482422,49.720001220703125,49.040000915527344,49.220001220703125,1482900
2016-11-09,48.709999084472656,49.349998474121094,48.09000015258789,49.0,1542400
2016-11-10,49.459999084472656,49.459999084472656,45.869998931884766,46.939998626708984,2750300
2016-11-11,48.040000915527344,48.45000076293945,46.470001220703125,47.95000076293945,1704500
2016-11-14,48.41999816894531,48.41999816894531,46.41999816894531,46.4900016784668,1601700
2016-11-15,47.0,47.5,46.40999984741211,46.5099983215332,1648100
2016-11-16,46.279998779296875,46.75,46.04999923706055,46.470001220703125,1767100
2016-11-17,46.70000076293945,48.7400016784668,46.70000076293945,48.630001068115234,7124700
2016-11-18,48.65999984741211,49.209999084472656,47.33000183105469,47.63999938964844,1690000
2016-11-21,47.56999969482422,48.380001068115234,47.56999969482422,48.029998779296875,954100
2016-11-22,48.04999923706055,48.13999938964844,46.959999084472656,47.279998779296875,1229400
2016-11-23,47.41999816894531,48.599998474121094,47.15999984741211,48.47999954223633,1219600
2016-11-25,48.56999969482422,49.189998626708984,48.56999969482422,48.810001373291016,386400
2016-11-28,49.209999084472656,49.209999084472656,48.310001373291016,48.47999954223633,877800
2016-11-29,48.59000015258789,50.540000915527344,48.439998626708984,50.09000015258789,2841600
2016-11-30,50.04999923706055,50.33000183105469,48.9900016784668,49.22999954223633,2348000
2016-12-01,49.0,49.16999816894531,46.959999084472656,47.22999954223633,1658600
2016-12-02,47.0099983215332,48.040000915527344,46.27000045776367,47.459999084472656,1126000
2016-12-05,47.47999954223633,48.56999969482422,47.47999954223633,48.40999984741211,994500
2016-12-06,48.41999816894531,48.7400016784668,47.560001373291016,48.0,1368200
2016-12-07,48.040000915527344,49.13999938964844,48.0,49.02000045776367,799000
2016-12-08,49.25,49.9900016784668,49.15999984741211,49.65999984741211,909900
2016-12-09,49.90999984741211,50.560001373291016,49.29999923706055,49.779998779296875,796300
2016-12-12,49.7599983215332,50.15999984741211,49.5,50.029998779296875,996500
2016-12-13,50.029998779296875,51.22999954223633,49.529998779296875,50.849998474121094,2558800
2016-12-14,50.709999084472656,51.029998779296875,49.84000015258789,49.90999984741211,1182300
2016-12-15,50.150001525878906,51.34000015258789,49.27000045776367,50.459999084472656,1144800
2016-12-16,50.36000061035156,50.70000076293945,49.150001525878906,49.25,1498600
2016-12-19,49.13999938964844,49.619998931884766,48.63999938964844,49.09000015258789,946700
2016-12-20,49.09000015258789,49.959999084472656,48.84000015258789,49.91999816894531,680900
2016-12-21,50.09000015258789,50.56999969482422,49.470001220703125,49.75,658200
2016-12-22,49.880001068115234,49.880001068115234,49.16999816894531,49.25,354100
2016-12-23,49.220001220703125,49.939998626708984,49.220001220703125,49.880001068115234,343400
2016-12-27,50.13999938964844,50.529998779296875,49.45000076293945,49.72999954223633,1199200
2016-12-28,49.81999969482422,50.25,48.91999816894531,49.25,904700
2016-12-29,49.25,49.66999816894531,48.959999084472656,49.58000183105469,418200
2016-12-30,49.790000915527344,49.790000915527344,48.849998474121094,49.290000915527344,835000
2017-01-03,49.349998474121094,50.040000915527344,48.58000183105469,49.220001220703125,1074900
2017-01-04,49.439998626708984,50.290000915527344,49.36000061035156,50.13999938964844,862300
2017-01-05,50.119998931884766,50.689998626708984,49.36000061035156,49.36000061035156,779300
2017-01-06,49.400001525878906,50.34000015258789,49.31999969482422,49.95000076293945,1131100
2017-01-09,49.869998931884766,50.66999816894531,49.59000015258789,50.459999084472656,1180600
2017-01-10,50.31999969482422,51.04999923706055,50.060001373291016,50.810001373291016,632100
2017-01-11,50.95000076293945,51.810001373291016,50.66999816894531,51.11000061035156,894900
2017-01-12,50.939998626708984,51.20000076293945,50.310001373291016,50.869998931884766,626600
2017-01-13,50.619998931884766,51.72999954223633,50.5099983215332,51.61000061035156,874600
2017-01-17,51.540000915527344,51.70000076293945,51.0,51.400001525878906,773700
2017-01-18,51.599998474121094,51.849998474121094,51.349998474121094,51.790000915527344,613000
2017-01-19,51.88999938964844,52.099998474121094,51.599998474121094,51.790000915527344,713000
2017-01-20,51.81999969482422,52.38999938964844,51.56999969482422,52.349998474121094,1043900
2017-01-23,52.209999084472656,52.560001373291016,52.09000015258789,52.15999984741211,922000
2017-01-24,52.25,53.33000183105469,51.83000183105469,53.18000030517578,894600
2017-01-25,53.65999984741211,53.959999084472656,53.20000076293945,53.880001068115234,1089500
2017-01-26,54.02000045776367,54.20000076293945,53.650001525878906,53.75,847400
2017-01-27,54.15999984741211,54.15999984741211,53.209999084472656,53.689998626708984,951900
2017-01-30,53.5099983215332,53.650001525878906,52.880001068115234,53.4900016784668,736200
2017-01-31,53.599998474121094,53.88999938964844,53.189998626708984,53.650001525878906,1058000
2017-02-01,53.65999984741211,55.470001220703125,53.349998474121094,54.36000061035156,1754100
2017-02-02,54.18000030517578,54.810001373291016,53.869998931884766,54.79999923706055,1055100
2017-02-03,55.0,55.470001220703125,53.79999923706055,53.93000030517578,1813700
2017-02-06,53.970001220703125,54.209999084472656,53.52000045776367,54.20000076293945,1354900
2017-02-07,54.560001373291016,54.65999984741211,53.349998474121094,53.70000076293945,1904000
2017-02-08,56.040000915527344,56.709999084472656,53.41999816894531,53.709999084472656,3101500
2017-02-09,54.060001373291016,56.130001068115234,53.84000015258789,56.02000045776367,2790400
2017-02-10,56.45000076293945,58.34000015258789,56.130001068115234,57.880001068115234,4129900
2017-02-13,57.81999969482422,58.7599983215332,57.380001068115234,58.41999816894531,2324400
2017-02-14,58.29999923706055,58.56999969482422,57.63999938964844,58.2599983215332,1530200
2017-02-15,58.15999984741211,59.560001373291016,57.849998474121094,59.439998626708984,1663600
2017-02-16,59.709999084472656,60.20000076293945,59.470001220703125,59.970001220703125,1998400
2017-02-17,60.02000045776367,60.15999984741211,58.88999938964844,59.689998626708984,4038200
2017-02-21,59.9900016784668,59.9900016784668,58.810001373291016,58.97999954223633,1747000
2017-02-22,58.7400016784668,58.7400016784668,57.959999084472656,58.439998626708984,1922700
2017-02-23,58.33000183105469,58.380001068115234,57.06999969482422,57.849998474121094,1895200
2017-02-24,57.349998474121094,57.880001068115234,57.189998626708984,57.560001373291016,1070500
2017-02-27,57.65999984741211,58.22999954223633,56.790000915527344,57.470001220703125,2042400
2017-02-28,57.279998779296875,57.72999954223633,56.959999084472656,56.97999954223633,1062100
2017-03-01,57.15999984741211,59.06999969482422,57.119998931884766,58.79999923706055,2071700
2017-03-02,58.709999084472656,58.7400016784668,57.77000045776367,57.880001068115234,705900
2017-03-03,57.869998931884766,58.369998931884766,57.40999984741211,58.119998931884766,825200
2017-03-06,58.119998931884766,59.04999923706055,58.0,58.72999954223633,1144200
2017-03-07,59.119998931884766,59.52000045776367,58.81999969482422,59.189998626708984,1296700
2017-03-08,59.349998474121094,59.790000915527344,59.16999816894531,59.310001373291016,1031700
2017-03-09,59.43000030517578,59.779998779296875,58.97999954223633,59.15999984741211,729100
2017-03-10,59.619998931884766,59.83000183105469,58.95000076293945,59.0,1672900
2017-03-13,59.41999816894531,59.959999084472656,59.2400016784668,59.5099983215332,1399100
2017-03-14,59.13999938964844,59.709999084472656,59.11000061035156,59.25,898200
2017-03-15,59.38999938964844,59.45000076293945,58.22999954223633,59.02000045776367,1618500
2017-03-16,59.099998474121094,59.29999923706055,58.400001525878906,58.5099983215332,1469000
2017-03-17,58.459999084472656,58.84000015258789,57.9900016784668,58.0099983215332,17634700
2017-03-20,58.209999084472656,58.470001220703125,57.619998931884766,57.88999938964844,1626600
2017-03-21,57.95000076293945,58.099998474121094,56.5,56.599998474121094,1681900
2017-03-22,56.619998931884766,57.599998474121094,56.59000015258789,57.58000183105469,1266700
2017-03-23,57.56999969482422,57.959999084472656,57.31999969482422,57.720001220703125,724700
2017-03-24,57.70000076293945,59.02000045776367,57.70000076293945,58.119998931884766,1268700
2017-03-27,57.41999816894531,58.86000061035156,57.33000183105469,58.56999969482422,1283200
2017-03-28,58.47999954223633,59.08000183105469,58.2599983215332,58.810001373291016,1336900
2017-03-29,58.599998474121094,59.04999923706055,58.33000183105469,58.790000915527344,1007400
2017-03-30,58.65999984741211,59.04999923706055,58.65999984741211,58.900001525878906,1082300
2017-03-31,58.86000061035156,59.439998626708984,58.15999984741211,59.27000045776367,2359300
2017-04-03,59.150001525878906,59.72999954223633,58.34000015258789,58.7400016784668,1375100
2017-04-04,58.54999923706055,58.72999954223633,57.75,57.849998474121094,1314900
2017-04-05,57.93000030517578,58.72999954223633,57.7599983215332,57.86000061035156,1178300
2017-04-06,57.83000183105469,58.380001068115234,57.4900016784668,58.04999923706055,1368800
2017-04-07,57.81999969482422,58.529998779296875,57.54999923706055,58.470001220703125,1010800
2017-04-10,58.540000915527344,58.83000183105469,58.150001525878906,58.43000030517578,1056200
2017-04-11,58.29999923706055,58.599998474121094,57.7400016784668,58.41999816894531,958800
2017-04-12,58.2400016784668,58.349998474121094,57.779998779296875,57.869998931884766,1000600
2017-04-13,57.779998779296875,58.189998626708984,57.36000061035156,57.529998779296875,1074300
2017-04-17,57.54999923706055,58.77000045776367,57.54999923706055,58.54999923706055,895100
2017-04-18,58.43000030517578,59.439998626708984,58.189998626708984,59.38999938964844,1331400
2017-04-19,59.470001220703125,60.72999954223633,59.34000015258789,60.45000076293945,1934600
2017-04-20,60.779998779296875,62.150001525878906,60.43000030517578,62.029998779296875,1970900
2017-04-21,62.150001525878906,62.66999816894531,61.95000076293945,62.290000915527344,1900000
2017-04-24,63.279998779296875,63.279998779296875,62.52000045776367,62.54999923706055,1372300
2017-04-25,63.06999969482422,63.25,62.439998626708984,62.630001068115234,1252100
2017-04-26,62.779998779296875,62.95000076293945,62.310001373291016,62.779998779296875,760400
2017-04-27,63.119998931884766,63.630001068115234,62.689998626708984,63.150001525878906,1387400
2017-04-28,63.34000015258789,63.70000076293945,62.709999084472656,62.849998474121094,979500
2017-05-01,63.06999969482422,64.08000183105469,62.720001220703125,63.97999954223633,1220300
2017-05-02,63.97999954223633,64.11000061035156,63.58000183105469,64.08999633789062,605900
2017-05-03,63.79999923706055,64.02999877929688,63.439998626708984,63.9900016784668,834700
2017-05-04,64.11000061035156,64.41999816894531,63.560001373291016,63.65999984741211,1050600
2017-05-05,63.54999923706055,65.44000244140625,63.54999923706055,65.41999816894531,1107700
2017-05-08,65.58999633789062,65.83999633789062,64.88999938964844,65.05999755859375,1049800
2017-05-09,65.19999694824219,65.56999969482422,64.9000015258789,65.11000061035156,740200
2017-05-10,66.0999984741211,68.72000122070312,65.88999938964844,68.68000030517578,2983700
2017-05-11,68.63999938964844,68.66000366210938,67.48999786376953,68.58999633789062,1969500
2017-05-12,68.56999969482422,68.7699966430664,67.93000030517578,67.9800033569336,1550600
2017-05-15,68.0,69.30999755859375,67.8499984741211,69.2699966430664,1661600
2017-05-16,69.4000015258789,70.52999877929688,69.31999969482422,70.37000274658203,1873800
2017-05-17,69.79000091552734,69.9000015258789,66.23999786376953,66.5199966430664,2964700
2017-05-18,66.2699966430664,68.9000015258789,65.62999725341797,68.5999984741211,1382600
2017-05-19,68.37000274658203,68.77999877929688,66.69999694824219,67.58000183105469,1757200
2017-05-22,68.5999984741211,70.06999969482422,68.12000274658203,69.04000091552734,4543700
2017-05-23,72.5,76.69999694824219,71.16000366210938,72.83000183105469,11983100
2017-05-24,73.76000213623047,77.76000213623047,73.30999755859375,77.7300033569336,5127600
2017-05-25,78.83999633789062,79.58000183105469,78.01000213623047,78.52999877929688,3283900
2017-05-26,78.69000244140625,78.87000274658203,76.9000015258789,77.06999969482422,2311900
2017-05-30,76.68000030517578,76.77999877929688,75.26000213623047,76.06999969482422,2665500
2017-05-31,76.37000274658203,77.16999816894531,75.77999877929688,76.73999786376953,1776900
2017-06-01,76.7699966430664,78.5,76.76000213623047,78.12000274658203,1975500
2017-06-02,76.20999908447266,78.16000366210938,76.11000061035156,77.6500015258789,1589100
2017-06-05,77.5999984741211,78.25,77.18000030517578,77.31999969482422,1014300
2017-06-06,77.04000091552734,78.36000061035156,76.81999969482422,77.66000366210938,1462600
2017-06-07,78.56999969482422,79.91999816894531,78.38999938964844,79.7699966430664,2541600
2017-06-08,80.01000213623047,80.54000091552734,78.43000030517578,79.31999969482422,1616700
2017-06-09,79.62000274658203,80.12000274658203,73.30999755859375,75.30000305175781,3839600
2017-06-12,73.83000183105469,74.83999633789062,71.19999694824219,73.83000183105469,4312300
2017-06-13,75.2699966430664,75.4000015258789,73.37000274658203,74.62000274658203,2209300
2017-06-14,75.0,75.56999969482422,73.30000305175781,74.37999725341797,1326900
2017-06-15,72.69999694824219,74.7300033569336,72.52999877929688,74.01000213623047,2760100
2017-06-16,73.47000122070312,75.06999969482422,73.37999725341797,74.16000366210938,2228000
2017-06-19,74.91000366210938,75.58000183105469,73.69000244140625,74.0999984741211,2169800
2017-06-20,74.19999694824219,74.83000183105469,73.04000091552734,73.0999984741211,1804900
2017-06-21,73.11000061035156,73.83000183105469,72.36000061035156,73.05000305175781,2155900
2017-06-22,73.41000366210938,73.76000213623047,72.63999938964844,73.05000305175781,1505400
2017-06-23,72.91000366210938,74.23999786376953,72.62999725341797,72.87999725341797,11787800
2017-06-26,73.41000366210938,74.23999786376953,72.1500015258789,73.56999969482422,1762900
2017-06-27,73.36000061035156,73.62999725341797,71.13999938964844,71.16999816894531,2000400
2017-06-28,71.5,73.31999969482422,70.38999938964844,73.2699966430664,2400700
2017-06-29,72.91999816894531,72.91999816894531,71.30000305175781,72.5199966430664,2893300
2017-06-30,72.7699966430664,74.27999877929688,72.70999908447266,73.37999725341797,2448700
2017-07-03,73.52999877929688,73.93000030517578,71.80000305175781,72.06999969482422,1587600
2017-07-05,72.06999969482422,73.79000091552734,72.06999969482422,73.27999877929688,1516800
2017-07-06,72.6500015258789,73.86000061035156,72.0999984741211,73.19999694824219,3126800
2017-07-07,73.43000030517578,75.0999984741211,73.20999908447266,74.58999633789062,1669100
2017-07-10,74.70999908447266,75.23999786376953,73.81999969482422,74.4800033569336,2570000
2017-07-11,74.47000122070312,76.3499984741211,74.12000274658203,75.9000015258789,2352600
2017-07-12,76.4000015258789,77.63999938964844,75.9000015258789,77.30999755859375,1606900
2017-07-13,77.4800033569336,77.72000122070312,75.77999877929688,76.33000183105469,1444000
2017-07-14,76.48999786376953,76.94999694824219,75.97000122070312,76.20999908447266,674400
2017-07-17,76.41999816894531,76.52999877929688,75.80999755859375,76.0999984741211,973300
2017-07-18,75.94000244140625,77.73999786376953,75.75,77.47000122070312,1383300
2017-07-19,77.80999755859375,78.5,76.80999755859375,78.43000030517578,2015200
2017-07-20,78.29000091552734,79.01000213623047,77.37000274658203,78.02999877929688,1209900
2017-07-21,77.6500015258789,79.2699966430664,77.63999938964844,79.25,1416400
2017-07-24,79.2699966430664,79.91000366210938,79.0199966430664,79.66999816894531,2802200
2017-07-25,79.69999694824219,81.12999725341797,79.2699966430664,80.8499984741211,6770100
2017-07-26,80.94000244140625,81.48999786376953,80.31999969482422,81.45999908447266,1446200
2017-07-27,81.80000305175781,82.79000091552734,78.1500015258789,79.70999908447266,2798200
2017-07-28,79.06999969482422,80.87999725341797,78.54000091552734,80.0999984741211,1502800
2017-07-31,80.36000061035156,80.86000061035156,79.38999938964844,79.4800033569336,1054100
2017-08-01,79.79000091552734,80.41999816894531,79.0,79.93000030517578,1207700
2017-08-02,80.43000030517578,80.5999984741211,78.0999984741211,79.38999938964844,2508800
2017-08-03,87.23999786376953,89.9000015258789,86.0199966430664,89.08999633789062,10940200
2017-08-04,89.5,89.91000366210938,86.76000213623047,87.70999908447266,3212300
2017-08-07,88.16999816894531,91.12999725341797,87.66000366210938,90.5199966430664,2450500
2017-08-08,90.30999755859375,92.22000122070312,90.30999755859375,91.5199966430664,3326300
2017-08-09,90.0,92.02999877929688,89.5199966430664,90.97000122070312,1469700
2017-08-10,90.38999938964844,90.9000015258789,88.26000213623047,88.31999969482422,1851600
2017-08-11,88.0999984741211,90.16999816894531,88.01000213623047,89.30000305175781,1100600
2017-08-14,89.95999908447266,90.9800033569336,89.81999969482422,90.70999908447266,821000
2017-08-15,91.05999755859375,91.27999877929688,89.87000274658203,90.66000366210938,696800
2017-08-16,91.08000183105469,92.48999786376953,90.51000213623047,92.0199966430664,1211900
2017-08-17,91.66999816894531,92.26000213623047,90.80999755859375,90.94000244140625,947000
2017-08-18,90.81999969482422,93.08999633789062,90.01000213623047,92.06999969482422,1173400
2017-08-21,92.08000183105469,92.68000030517578,91.2699966430664,91.9800033569336,691500
2017-08-22,92.62999725341797,95.11000061035156,92.3499984741211,94.94999694824219,1625400
2017-08-23,94.16000366210938,95.16000366210938,94.16000366210938,94.4000015258789,795800
2017-08-24,94.81999969482422,95.69999694824219,93.69000244140625,95.25,1207800
2017-08-25,95.75,96.43000030517578,93.88999938964844,94.63999938964844,1159100
2017-08-28,95.36000061035156,96.29000091552734,95.26000213623047,95.80999755859375,1323400
2017-08-29,94.83999633789062,96.43000030517578,94.63999938964844,95.79000091552734,703900
2017-08-30,96.11000061035156,98.3499984741211,95.87000274658203,97.6500015258789,1403700
2017-08-31,98.0,98.44999694824219,97.19999694824219,97.79000091552734,1229400
2017-09-01,97.7699966430664,97.91000366210938,95.33999633789062,95.87999725341797,1758500
2017-09-05,95.68000030517578,97.30000305175781,94.68000030517578,97.08999633789062,1748300
2017-09-06,97.5199966430664,98.1500015258789,95.4000015258789,95.81999969482422,905900
2017-09-07,96.19999694824219,100.1500015258789,95.91000366210938,99.5,1900600
2017-09-08,100.31999969482422,100.58999633789062,98.7699966430664,99.62000274658203,1256000
2017-09-11,100.48999786376953,101.4000015258789,99.4000015258789,100.11000061035156,2310700
2017-09-12,100.73999786376953,100.97000122070312,98.25,99.94999694824219,1347100
2017-09-13,99.83000183105469,100.13999938964844,98.66999816894531,98.77999877929688,1001900
2017-09-14,98.79000091552734,99.9000015258789,97.93000030517578,99.38999938964844,961500
2017-09-15,99.41000366210938,100.38999938964844,98.87999725341797,100.38999938964844,2323600
2017-09-18,100.80999755859375,101.87000274658203,100.72000122070312,100.81999969482422,1178200
2017-09-19,101.77999877929688,102.77999877929688,100.5999984741211,102.37999725341797,1201600
2017-09-20,102.44999694824219,103.27999877929688,101.25,102.95999908447266,1425000
2017-09-21,102.88999938964844,102.94999694824219,100.51000213623047,101.72000122070312,1307700
2017-09-22,101.37000274658203,103.04000091552734,101.06999969482422,102.83999633789062,1361300
2017-09-25,102.95999908447266,103.7300033569336,95.94000244140625,97.62000274658203,4260500
2017-09-26,98.06999969482422,98.4800033569336,96.77999877929688,97.4800033569336,2394100
2017-09-27,97.87999725341797,100.68000030517578,97.87999725341797,100.12999725341797,1671700
2017-09-28,100.19999694824219,101.37999725341797,99.20999908447266,100.88999938964844,1011100
2017-09-29,101.0,102.27999877929688,100.73999786376953,102.2300033569336,2225000
2017-10-02,102.44000244140625,103.0,99.86000061035156,100.43000030517578,1427700
2017-10-03,100.43000030517578,101.18000030517578,99.9000015258789,101.06999969482422,1035600
2017-10-04,101.0999984741211,103.16999816894531,100.0,102.9800033569336,1577700
2017-10-05,103.19999694824219,104.63999938964844,102.29000091552734,104.47000122070312,1401700
2017-10-06,104.22000122070312,107.52999877929688,104.22000122070312,107.2300033569336,1879500
2017-10-09,105.0,105.18000030517578,102.47000122070312,104.11000061035156,2685800
2017-10-10,104.43000030517578,104.58000183105469,102.08000183105469,102.66999816894531,1779200
2017-10-11,102.58000183105469,104.79000091552734,102.30999755859375,103.5999984741211,1035800
2017-10-12,103.47000122070312,104.33999633789062,102.79000091552734,103.44000244140625,882600
2017-10-13,104.19000244140625,104.75,103.55000305175781,104.58000183105469,2090500
2017-10-16,105.0,105.26000213623047,104.37999725341797,104.77999877929688,725100
2017-10-17,104.58999633789062,104.81999969482422,103.2699966430664,103.9000015258789,752400
2017-10-18,105.0199966430664,105.37000274658203,104.0999984741211,104.61000061035156,891900
2017-10-19,103.58999633789062,104.80999755859375,102.0999984741211,104.55999755859375,1132300
2017-10-20,104.9800033569336,105.29000091552734,104.56999969482422,104.93000030517578,693400
2017-10-23,105.6500015258789,105.87000274658203,104.44999694824219,105.01000213623047,685000
2017-10-24,105.37000274658203,105.86000061035156,104.87000274658203,105.22000122070312,1237200
2017-10-25,105.69999694824219,105.69999694824219,103.30999755859375,104.87000274658203,1033700
2017-10-26,105.0,105.79000091552734,104.23999786376953,105.43000030517578,839000
2017-10-27,105.9000015258789,108.04000091552734,105.47000122070312,107.83999633789062,1383500
2017-10-30,108.48999786376953,110.0,108.04000091552734,109.70999908447266,1663600
2017-10-31,110.01000213623047,110.86000061035156,108.98999786376953,110.6500015258789,1755500
2017-11-01,110.91000366210938,111.11000061035156,108.83000183105469,110.55999755859375,1684400
2017-11-02,110.38999938964844,110.7699966430664,108.5,108.5,1361600
2017-11-03,109.54000091552734,110.38999938964844,108.16000366210938,108.93000030517578,1957700
2017-11-06,109.45999908447266,109.61000061035156,106.2300033569336,107.0,2484400
2017-11-07,106.63999938964844,106.87000274658203,103.87999725341797,106.38999938964844,4612500
2017-11-08,120.0,120.62000274658203,116.3499984741211,117.6500015258789,8318000
2017-11-09,117.0999984741211,117.23999786376953,113.87000274658203,115.16000366210938,3152000
2017-11-10,114.91000366210938,115.9000015258789,114.05999755859375,115.68000030517578,2089700
2017-11-13,114.69000244140625,119.16999816894531,114.58000183105469,118.26000213623047,2736100
2017-11-14,118.25,119.27999877929688,117.3499984741211,118.87999725341797,2160300
2017-11-15,117.9000015258789,118.80000305175781,116.37000274658203,117.37000274658203,1730400
2017-11-16,118.94999694824219,119.70999908447266,118.0999984741211,118.9000015258789,1837000
2017-11-17,118.68000030517578,119.38999938964844,116.36000061035156,117.81999969482422,3142300
2017-11-20,118.0999984741211,118.3499984741211,117.05000305175781,117.4000015258789,1125600
2017-11-21,117.94999694824219,120.20999908447266,117.94999694824219,119.0199966430664,1561000
2017-11-22,119.19999694824219,119.70999908447266,117.20999908447266,117.94000244140625,1341400
2017-11-24,118.02999877929688,118.4000015258789,117.58999633789062,117.87999725341797,1101000
2017-11-27,118.0,118.1500015258789,116.5,117.79000091552734,1603900
2017-11-28,118.33999633789062,119.12000274658203,116.0999984741211,116.19000244140625,1790300
2017-11-29,115.37000274658203,116.0,108.41000366210938,111.44999694824219,4408400
2017-11-30,112.44000244140625,113.47000122070312,110.47000122070312,111.55000305175781,7184600
2017-12-01,111.05000305175781,112.0,107.80999755859375,110.76000213623047,2968100
2017-12-04,111.27999877929688,111.38999938964844,99.87000274658203,102.11000061035156,7430400
2017-12-05,101.43000030517578,105.41000366210938,100.55999755859375,104.19000244140625,3928500
2017-12-06,103.61000061035156,105.5199966430664,103.05000305175781,104.88999938964844,1934800
2017-12-07,104.72000122070312,108.2699966430664,104.58000183105469,106.54000091552734,1973100
2017-12-08,107.62000274658203,108.95999908447266,106.43000030517578,106.80999755859375,1726000
2017-12-11,107.0,108.4000015258789,105.69000244140625,108.2300033569336,1656200
2017-12-12,107.94999694824219,108.38999938964844,107.11000061035156,107.62000274658203,1271100
2017-12-13,108.0,110.16000366210938,106.86000061035156,107.73999786376953,2093600
2017-12-14,107.33000183105469,110.58000183105469,107.25,109.0199966430664,1918700
2017-12-15,109.48999786376953,111.94999694824219,109.36000061035156,111.19000244140625,5777100
2017-12-18,113.80000305175781,114.45999908447266,108.95999908447266,110.31999969482422,2541100
2017-12-19,109.7699966430664,110.61000061035156,108.56999969482422,109.27999877929688,2286000
2017-12-20,109.86000061035156,109.86000061035156,107.66000366210938,108.75,995600
2017-12-21,108.66000366210938,111.16000366210938,107.45999908447266,110.45999908447266,1131500
2017-12-22,110.54000091552734,110.76000213623047,108.97000122070312,109.13999938964844,725000
2017-12-26,108.87000274658203,109.0199966430664,107.68000030517578,108.25,612300
2017-12-27,108.61000061035156,109.79000091552734,107.52999877929688,107.80000305175781,962800
2017-12-28,108.30000305175781,109.80999755859375,107.12000274658203,109.58999633789062,785300
2017-12-29,109.4000015258789,110.22000122070312,108.25,109.77999877929688,1196900
2018-01-02,110.02999877929688,113.06999969482422,109.55000305175781,112.87999725341797,1569300
2018-01-03,113.47000122070312,114.69999694824219,112.73999786376953,113.87999725341797,1451500
2018-01-04,114.91999816894531,115.27999877929688,112.58999633789062,114.0199966430664,1319300
2018-01-05,114.91000366210938,117.19000244140625,114.27999877929688,116.91000366210938,1513600
2018-01-08,116.5,120.18000030517578,115.11000061035156,117.37000274658203,1591400
2018-01-09,117.7699966430664,118.16999816894531,113.76000213623047,114.91000366210938,1704800
2018-01-10,113.91999816894531,115.76000213623047,113.1500015258789,115.55000305175781,1394900
2018-01-11,116.31999969482422,118.4800033569336,115.4000015258789,116.9800033569336,1355600
2018-01-12,116.94999694824219,118.9000015258789,115.8499984741211,117.30000305175781,1758100
2018-01-16,118.06999969482422,118.12999725341797,113.0999984741211,113.95999908447266,2093000
2018-01-17,114.69999694824219,116.97000122070312,113.72000122070312,116.08999633789062,1598200
2018-01-18,115.77999877929688,118.19999694824219,114.45999908447266,117.2699966430664,1378900
2018-01-19,117.70999908447266,118.61000061035156,117.2300033569336,118.05000305175781,1272300
2018-01-22,117.7699966430664,119.43000030517578,116.91999816894531,118.4000015258789,1157600
2018-01-23,118.33000183105469,118.91999816894531,116.41000366210938,116.80999755859375,2236300
2018-01-24,117.33999633789062,117.33999633789062,114.54000091552734,116.23999786376953,1576000
2018-01-25,116.73999786376953,117.80999755859375,115.47000122070312,117.19999694824219,905000
2018-01-26,117.97000122070312,119.37000274658203,116.81999969482422,119.37000274658203,1215600
2018-01-29,119.0,122.20999908447266,118.69999694824219,119.29000091552734,2161600
2018-01-30,117.5,120.58000183105469,116.66999816894531,118.30999755859375,1611800
2018-01-31,120.98999786376953,127.7699966430664,120.98999786376953,126.66999816894531,3753100
2018-02-01,126.8499984741211,129.25,119.05000305175781,124.63999938964844,5069200
2018-02-02,123.12999725341797,125.43000030517578,120.51000213623047,121.66999816894531,2256300
2018-02-05,119.86000061035156,123.31999969482422,116.38999938964844,117.33000183105469,2631600
2018-02-06,113.0,118.33000183105469,113.0,118.2699966430664,3545700
2018-02-07,118.7699966430664,120.33999633789062,116.75,117.19000244140625,3554500
2018-02-08,112.0,115.5999984741211,103.22000122070312,103.51000213623047,7893500
2018-02-09,105.5,109.08999633789062,102.16000366210938,108.44999694824219,5299800
2018-02-12,109.29000091552734,112.23999786376953,108.69999694824219,109.93000030517578,3250900
2018-02-13,108.52999877929688,109.30999755859375,106.7300033569336,107.77999877929688,2090600
2018-02-14,106.9800033569336,108.8499984741211,106.29000091552734,106.55999755859375,2541900
2018-02-15,107.58999633789062,108.8499984741211,105.6500015258789,108.16000366210938,2555400
2018-02-16,108.11000061035156,108.97000122070312,106.6500015258789,107.04000091552734,1858300
2018-02-20,106.44000244140625,108.31999969482422,106.44000244140625,107.4800033569336,1230500
2018-02-21,107.5999984741211,110.2699966430664,107.58999633789062,108.54000091552734,1784800
2018-02-22,108.98999786376953,109.87000274658203,108.0999984741211,108.62999725341797,1114500
2018-02-23,109.56999969482422,111.83999633789062,108.5,111.6500015258789,1422600
2018-02-26,112.5999984741211,115.44000244140625,112.5199966430664,114.58000183105469,1979200
2018-02-27,114.31999969482422,115.12000274658203,112.20999908447266,112.2300033569336,1039300
2018-02-28,113.55000305175781,114.16999816894531,111.80000305175781,111.87000274658203,2039200
2018-03-01,111.61000061035156,112.98999786376953,106.87999725341797,107.54000091552734,2372800
2018-03-02,106.83999633789062,111.20999908447266,105.80999755859375,110.7699966430664,1768100
2018-03-05,110.02999877929688,112.81999969482422,109.43000030517578,111.93000030517578,1388400
2018-03-06,112.37999725341797,112.97000122070312,109.05000305175781,110.70999908447266,1820900
2018-03-07,109.62000274658203,111.38999938964844,108.25,110.94000244140625,1977000
2018-03-08,111.61000061035156,113.7300033569336,110.20999908447266,113.58000183105469,3161500
2018-03-09,114.4800033569336,116.83000183105469,113.58999633789062,116.61000061035156,2377100
2018-03-12,115.8499984741211,117.3499984741211,113.88999938964844,115.73999786376953,3860000
2018-03-13,115.8499984741211,117.3499984741211,111.97000122070312,113.48999786376953,3629500
2018-03-14,111.58000183105469,111.62999725341797,106.0999984741211,109.2300033569336,5457400
2018-03-15,109.3499984741211,110.4000015258789,107.83999633789062,108.9000015258789,3535400
2018-03-16,108.94000244140625,109.72000122070312,106.25,107.29000091552734,25385700
2018-03-19,106.27999877929688,107.01000213623047,102.54000091552734,104.5,5002200
2018-03-20,105.33999633789062,106.51000213623047,104.36000061035156,105.23999786376953,2894800
2018-03-21,105.01000213623047,106.06999969482422,103.87999725341797,104.7300033569336,2053800
2018-03-22,103.4000015258789,104.75,102.26000213623047,102.38999938964844,2658100
2018-03-23,102.29000091552734,103.87000274658203,99.63999938964844,99.69999694824219,2202400
2018-03-26,101.77999877929688,103.2699966430664,101.62999725341797,103.0999984741211,2499300
2018-03-27,103.62999725341797,104.19999694824219,97.70999908447266,98.04000091552734,3719500
2018-03-28,97.69000244140625,98.8499984741211,95.54000091552734,97.45999908447266,4249500
2018-03-29,98.08999633789062,99.7699966430664,95.91999816894531,97.77999877929688,3102800
2018-04-02,96.31999969482422,96.98999786376953,93.91999816894531,95.91999816894531,4120300
2018-04-03,96.6500015258789,96.77999877929688,93.41999816894531,95.86000061035156,2327100
2018-04-04,93.48999786376953,97.37999725341797,92.80999755859375,96.95999908447266,3135500
2018-04-05,99.19999694824219,100.58999633789062,97.95999908447266,98.62999725341797,2864000
2018-04-06,97.87000274658203,98.41000366210938,93.9000015258789,94.62999725341797,2005800
2018-04-09,95.20999908447266,97.62000274658203,95.0199966430664,96.51000213623047,2168000
2018-04-10,98.5199966430664,99.19000244140625,96.62000274658203,97.63999938964844,1966800
2018-04-11,96.76000213623047,97.94999694824219,96.47000122070312,96.62000274658203,1235400
2018-04-12,96.81999969482422,98.95999908447266,96.47000122070312,97.83999633789062,1580100
2018-04-13,98.80999755859375,99.0,96.58999633789062,97.19000244140625,1398300
2018-04-16,97.93000030517578,98.87000274658203,97.2699966430664,98.47000122070312,1004900
2018-04-17,99.54000091552734,102.48999786376953,99.29000091552734,102.20999908447266,2053100
2018-04-18,102.16000366210938,103.1500015258789,100.94999694824219,102.5,1477100
2018-04-19,101.61000061035156,102.16999816894531,99.95999908447266,100.7699966430664,1297900
2018-04-20,100.45999908447266,100.75,97.27999877929688,98.37999725341797,1753300
2018-04-23,98.55999755859375,100.08000183105469,97.5,98.12000274658203,1247600
2018-04-24,98.79000091552734,99.91000366210938,95.54000091552734,96.37999725341797,1428500
2018-04-25,96.52999877929688,97.11000061035156,94.58999633789062,96.22000122070312,1444800
2018-04-26,97.0999984741211,99.87999725341797,97.0999984741211,99.19000244140625,1617900
2018-04-27,99.97000122070312,100.08000183105469,97.31999969482422,98.62999725341797,1064300
2018-04-30,100.41999816894531,100.62999725341797,98.19999694824219,99.70999908447266,1297700
2018-05-01,99.37000274658203,104.37000274658203,99.16999816894531,104.30000305175781,2736900
2018-05-02,104.05000305175781,106.41999816894531,103.69000244140625,104.87999725341797,2585900
2018-05-03,104.25,110.81999969482422,98.87000274658203,105.0999984741211,9052300
2018-05-04,104.04000091552734,110.0,104.04000091552734,108.76000213623047,2368700
2018-05-07,110.27999877929688,110.83999633789062,107.79000091552734,110.19999694824219,2127600
2018-05-08,110.41999816894531,112.45999908447266,109.66999816894531,111.30000305175781,2659300
2018-05-09,113.12999725341797,117.38999938964844,111.94000244140625,115.98999786376953,3122700
2018-05-10,116.68000030517578,117.4000015258789,115.37000274658203,117.05999755859375,1971200
2018-05-11,117.1500015258789,117.37000274658203,115.3499984741211,116.08999633789062,1931000
2018-05-14,116.94000244140625,117.08999633789062,113.6500015258789,114.4000015258789,2438000
2018-05-15,113.22000122070312,113.81999969482422,111.94000244140625,113.47000122070312,2339700
2018-05-16,113.51000213623047,114.94999694824219,112.43000030517578,113.06999969482422,4140600
2018-05-17,113.33000183105469,118.91000366210938,112.51000213623047,113.87999725341797,6114400
2018-05-18,113.0,116.0,112.70999908447266,115.80999755859375,2533000
2018-05-21,116.56999969482422,118.44000244140625,113.9000015258789,115.95999908447266,2436800
2018-05-22,115.95999908447266,116.48999786376953,113.0,113.23999786376953,1274700
2018-05-23,112.0999984741211,112.88999938964844,111.16000366210938,112.5999984741211,2144300
2018-05-24,112.41000366210938,112.61000061035156,109.86000061035156,112.06999969482422,1544700
2018-05-25,111.87000274658203,112.75,111.27999877929688,112.0199966430664,1058300
2018-05-29,110.80000305175781,111.83999633789062,109.7300033569336,110.77999877929688,2132800
2018-05-30,111.5199966430664,111.94999694824219,109.91999816894531,110.62999725341797,1207700
2018-05-31,110.88999938964844,114.04000091552734,110.19000244140625,112.08000183105469,2182100
2018-06-01,112.55000305175781,114.87000274658203,111.30999755859375,114.58999633789062,1482600
2018-06-04,114.26000213623047,115.75,112.76000213623047,113.68000030517578,1416700
2018-06-05,111.30000305175781,114.0,111.08999633789062,113.26000213623047,2375100
2018-06-06,113.91999816894531,114.31999969482422,112.11000061035156,112.58999633789062,1338600
2018-06-07,112.5999984741211,113.7699966430664,111.70999908447266,113.41999816894531,1175900
2018-06-08,113.06999969482422,114.7699966430664,112.01000213623047,113.41999816894531,1248800
2018-06-11,113.77999877929688,114.94000244140625,112.93000030517578,113.31999969482422,1079900
2018-06-12,113.33000183105469,114.79000091552734,113.20999908447266,114.69999694824219,1675600
2018-06-13,115.0,119.37999725341797,115.0,118.45999908447266,3050700
2018-06-14,119.20999908447266,123.0999984741211,118.87999725341797,121.83999633789062,3060400
2018-06-15,121.87000274658203,123.19000244140625,120.37999725341797,121.51000213623047,2539800
2018-06-18,120.86000061035156,120.91999816894531,119.38999938964844,120.69000244140625,1309800
2018-06-19,118.91000366210938,120.0199966430664,116.47000122070312,117.83000183105469,1464100
2018-06-20,118.88999938964844,119.05000305175781,117.18000030517578,118.01000213623047,1390600
2018-06-21,118.05000305175781,118.55999755859375,115.83000183105469,116.5,1165000
2018-06-22,117.0,118.51000213623047,115.19999694824219,116.95999908447266,3053400
2018-06-25,115.63999938964844,117.19000244140625,113.79000091552734,116.7300033569336,2475600
2018-06-26,117.69999694824219,119.29000091552734,115.80000305175781,115.91000366210938,2101100
2018-06-27,116.41000366210938,117.2300033569336,113.94999694824219,113.95999908447266,1603900
2018-06-28,113.94999694824219,118.9800033569336,113.5199966430664,118.05999755859375,2195000
2018-06-29,118.81999969482422,120.30000305175781,118.2699966430664,118.36000061035156,1633500
2018-07-02,117.87000274658203,120.20999908447266,117.0,119.87000274658203,1155300
2018-07-03,120.0,120.0,117.7699966430664,118.1500015258789,834100
2018-07-05,119.38999938964844,121.0,118.66000366210938,120.81999969482422,1614000
2018-07-06,120.91000366210938,123.62999725341797,120.54000091552734,123.44000244140625,1378000
2018-07-09,124.43000030517578,124.43000030517578,120.05999755859375,121.97000122070312,1229800
2018-07-10,121.98999786376953,122.37000274658203,119.30999755859375,121.1500015258789,1236900
2018-07-11,120.37999725341797,124.33999633789062,120.01000213623047,122.73999786376953,1671000
2018-07-12,123.2699966430664,126.56999969482422,123.2699966430664,126.23999786376953,1300000
2018-07-13,126.5,126.75,124.80999755859375,126.3499984741211,946800
2018-07-16,126.25,126.88999938964844,125.66999816894531,125.88999938964844,1060100
2018-07-17,124.5999984741211,127.91999816894531,124.51000213623047,126.68000030517578,1433700
2018-07-18,126.55000305175781,127.62000274658203,125.8499984741211,126.80999755859375,1594300
2018-07-19,127.54000091552734,128.24000549316406,126.61000061035156,127.41000366210938,1391500
2018-07-20,127.01000213623047,128.17999267578125,126.08999633789062,126.61000061035156,2202200
2018-07-23,126.51000213623047,127.12000274658203,125.11000061035156,126.80000305175781,1122200
2018-07-24,127.83999633789062,127.83999633789062,123.41000366210938,125.16000366210938,2068200
2018-07-25,125.63999938964844,128.6999969482422,124.55000305175781,127.83999633789062,1682400
2018-07-26,127.51000213623047,127.66999816894531,124.88999938964844,125.33000183105469,1167700
2018-07-27,124.01000213623047,125.47000122070312,120.98999786376953,122.58000183105469,2172800
2018-07-30,122.2300033569336,122.43000030517578,112.55000305175781,113.11000061035156,3623200
2018-07-31,113.75,115.70999908447266,112.43000030517578,113.0199966430664,2563800
2018-08-01,112.33999633789062,115.95999908447266,111.91999816894531,112.23999786376953,2236700
2018-08-02,111.79000091552734,113.79000091552734,111.06999969482422,113.23999786376953,3536000
2018-08-03,129.47000122070312,130.42999267578125,122.08999633789062,123.41000366210938,7965600
2018-08-06,122.80000305175781,123.87999725341797,120.0,121.31999969482422,2998000
2018-08-07,121.30999755859375,122.91000366210938,119.86000061035156,122.20999908447266,1753100
2018-08-08,122.06999969482422,125.62000274658203,121.16000366210938,124.94999694824219,2162900
2018-08-09,125.38999938964844,125.8499984741211,123.86000061035156,125.19999694824219,1558400
2018-08-10,124.4000015258789,130.0,124.4000015258789,128.8000030517578,2666900
2018-08-13,129.07000732421875,131.77000427246094,127.91000366210938,128.10000610351562,1869700
2018-08-14,128.92999267578125,130.1999969482422,127.12999725341797,129.08999633789062,1041500
2018-08-15,127.88999938964844,128.61000061035156,124.44999694824219,125.94999694824219,2267400
2018-08-16,127.33000183105469,127.33000183105469,124.88999938964844,125.94000244140625,1173700
2018-08-17,125.26000213623047,126.12999725341797,123.5999984741211,124.30000305175781,1078200
2018-08-20,124.6500015258789,125.5999984741211,122.29000091552734,124.87999725341797,1829100
2018-08-21,125.33000183105469,126.9000015258789,124.37000274658203,126.41999816894531,1315900
2018-08-22,126.04000091552734,130.42999267578125,125.9000015258789,129.22999572753906,1770800
2018-08-23,129.39999389648438,131.52000427246094,128.13999938964844,130.67999267578125,2036300
2018-08-24,131.66000366210938,134.6300048828125,131.27000427246094,134.00999450683594,1928400
2018-08-27,135.25999450683594,135.89999389648438,132.74000549316406,133.3699951171875,1200000
2018-08-28,133.85000610351562,134.33999633789062,132.1199951171875,133.66000366210938,988400
2018-08-29,135.22000122070312,138.6300048828125,134.77000427246094,136.08999633789062,2015600
2018-08-30,136.0,138.64999389648438,134.5399932861328,134.63999938964844,1853300
2018-08-31,133.57000732421875,133.92999267578125,130.50999450683594,133.55999755859375,2403900
2018-09-04,133.17999267578125,135.47999572753906,131.52999877929688,134.52999877929688,1172900
2018-09-05,134.3000030517578,134.4499969482422,127.56999969482422,128.89999389648438,1698700
2018-09-06,129.7899932861328,130.77999877929688,127.80999755859375,130.35000610351562,1351700
2018-09-07,129.42999267578125,132.19000244140625,128.67999267578125,130.5399932861328,1378400
2018-09-10,131.60000610351562,131.66000366210938,128.77000427246094,129.16000366210938,1340600
2018-09-11,130.5,134.92999267578125,128.52000427246094,133.9199981689453,1654700
2018-09-12,133.74000549316406,134.47000122070312,131.13999938964844,133.47999572753906,1079400
2018-09-13,134.35000610351562,136.3699951171875,133.16000366210938,136.25999450683594,1101900
2018-09-14,136.75,136.99000549316406,133.7100067138672,134.11000061035156,985200
2018-09-17,134.39999389648438,134.66000366210938,131.00999450683594,131.47999572753906,1236800
2018-09-18,131.0800018310547,134.5399932861328,130.69000244140625,132.72000122070312,1172900
2018-09-19,132.5500030517578,132.60000610351562,128.92999267578125,130.57000732421875,1466300
2018-09-20,131.1199951171875,132.5,129.6699981689453,130.9499969482422,1573800
2018-09-21,132.0800018310547,134.17999267578125,131.0399932861328,132.07000732421875,2887100
2018-09-24,131.27999877929688,135.6699981689453,130.6300048828125,134.8800048828125,1421400
2018-09-25,135.3000030517578,136.33999633789062,134.52000427246094,135.5500030517578,1092400
2018-09-26,136.22000122070312,137.22999572753906,134.33999633789062,134.52999877929688,1395900
2018-09-27,134.8699951171875,137.61000061035156,134.66000366210938,137.07000732421875,1293500
2018-09-28,137.07000732421875,139.60000610351562,136.42999267578125,137.99000549316406,1770800
2018-10-01,138.1199951171875,139.91000366210938,135.5500030517578,137.41000366210938,1790100
2018-10-02,138.0,138.0,133.75,134.3800048828125,1932300
2018-10-03,135.0,136.27000427246094,133.91000366210938,136.11000061035156,1623600
2018-10-04,135.17999267578125,135.75999450683594,129.47000122070312,131.8800048828125,1972600
2018-10-05,132.25999450683594,133.8000030517578,128.60000610351562,130.60000610351562,1370100
2018-10-08,129.55999755859375,129.99000549316406,124.77999877929688,126.81999969482422,1755000
2018-10-09,126.7300033569336,130.0,124.37999725341797,127.94999694824219,1602300
2018-10-10,129.99000549316406,130.25,121.0999984741211,122.25,2616700
2018-10-11,122.33000183105469,124.91000366210938,120.80000305175781,122.26000213623047,2595100
2018-10-12,126.7300033569336,130.89999389648438,125.86000061035156,129.0500030517578,2571800
2018-10-15,128.27000427246094,129.42999267578125,124.4800033569336,127.77999877929688,1375600
2018-10-16,129.27999877929688,132.36000061035156,129.25,132.02000427246094,1792300
2018-10-17,132.75,133.66000366210938,130.39999389648438,132.05999755859375,1225300
2018-10-18,131.17999267578125,131.17999267578125,124.8499984741211,126.87000274658203,2414500
2018-10-19,127.81999969482422,128.89999389648438,122.02999877929688,122.44999694824219,2095200
2018-10-22,122.69000244140625,123.05999755859375,120.0199966430664,120.51000213623047,2229800
2018-10-23,117.7699966430664,119.43000030517578,115.80000305175781,118.77999877929688,2289300
2018-10-24,118.75,119.62999725341797,110.81999969482422,110.97000122070312,2730000
2018-10-25,116.83000183105469,124.9800033569336,116.30000305175781,120.69999694824219,3890900
2018-10-26,116.18000030517578,123.45999908447266,116.18000030517578,120.05999755859375,2604300
2018-10-29,122.3499984741211,122.83000183105469,109.33999633789062,111.72000122070312,4546200
2018-10-30,121.52999877929688,125.48999786376953,117.5199966430664,124.01000213623047,7151000
2018-10-31,125.5,130.00999450683594,124.13999938964844,128.8699951171875,3394500
2018-11-01,129.66000366210938,129.9499969482422,125.93000030517578,128.91000366210938,1818000
2018-11-02,128.8000030517578,130.16000366210938,126.66000366210938,128.3699951171875,1565600
2018-11-05,128.61000061035156,128.99000549316406,124.55000305175781,126.69999694824219,1571300
2018-11-06,125.55999755859375,127.29000091552734,121.88999938964844,123.68000030517578,1774800
2018-11-07,126.1500015258789,128.13999938964844,124.55000305175781,125.80999755859375,3921000
2018-11-08,129.11000061035156,129.97999572753906,117.80000305175781,119.13999938964844,7484000
2018-11-09,115.63999938964844,116.38999938964844,109.33999633789062,113.05000305175781,6327800
2018-11-12,111.2699966430664,112.22000122070312,105.58999633789062,109.02999877929688,5024700
2018-11-13,109.05000305175781,110.94999694824219,106.48999786376953,107.0,3145900
2018-11-14,107.66000366210938,109.75,104.66999816894531,106.56999969482422,2577400
2018-11-15,105.9000015258789,114.41000366210938,105.7300033569336,113.05999755859375,5046900
2018-11-16,111.3499984741211,114.66000366210938,110.66000366210938,113.93000030517578,3867000
2018-11-19,115.25,115.5,104.7699966430664,106.0,4352900
2018-11-20,100.80000305175781,106.83000183105469,97.56999969482422,104.72000122070312,3263300
2018-11-21,107.05000305175781,108.48999786376953,105.55999755859375,106.83999633789062,2069000
2018-11-23,105.18000030517578,107.4800033569336,104.9800033569336,105.5,641600
2018-11-26,107.31999969482422,110.52999877929688,106.25,110.44000244140625,1837700
2018-11-27,109.75,111.69999694824219,108.25,109.55999755859375,1480000
2018-11-28,109.9000015258789,111.25,107.7699966430664,110.62999725341797,2003300
2018-11-29,109.5,112.94999694824219,109.16999816894531,111.91000366210938,1518100
2018-11-30,111.38999938964844,112.19999694824219,108.9000015258789,109.66999816894531,2562100
2018-12-03,112.0,112.01000213623047,100.95999908447266,103.45999908447266,8217000
2018-12-04,104.37999725341797,106.51000213623047,100.5,101.69000244140625,3848800
2018-12-06,99.0,106.55000305175781,98.0,106.19999694824219,3470400
2018-12-07,105.23999786376953,108.18000030517578,101.70999908447266,102.66999816894531,2899900
2018-12-10,102.12000274658203,105.9000015258789,102.11000061035156,105.23999786376953,1812500
2018-12-11,107.45999908447266,107.91000366210938,104.58000183105469,105.41999816894531,3398100
2018-12-12,107.83000183105469,108.12999725341797,103.4800033569336,104.19000244140625,3947200
2018-12-13,105.08000183105469,106.58999633789062,102.91000366210938,105.9000015258789,2291300
2018-12-14,103.87000274658203,105.9000015258789,102.23999786376953,103.45999908447266,1762600
2018-12-17,102.5,105.87000274658203,100.44000244140625,102.19000244140625,1840500
2018-12-18,103.38999938964844,104.76000213623047,102.51000213623047,103.43000030517578,1367400
2018-12-19,102.87999725341797,107.18000030517578,102.12000274658203,103.05000305175781,1906300
2018-12-20,101.81999969482422,104.86000061035156,100.56999969482422,102.0999984741211,2230600
2018-12-21,102.4800033569336,104.72000122070312,99.91000366210938,101.37000274658203,3389700
2018-12-24,99.76000213623047,101.9000015258789,98.5,98.76000213623047,1305900
2018-12-26,99.9000015258789,104.70999908447266,99.63999938964844,104.62999725341797,2041200
2018-12-27,101.9800033569336,106.16000366210938,101.16999816894531,106.1500015258789,2067800
2018-12-28,107.18000030517578,107.3499984741211,103.51000213623047,104.56999969482422,1897500
2018-12-31,105.05999755859375,105.75,101.95999908447266,102.94000244140625,2169900
2019-01-02,100.23999786376953,104.5199966430664,99.04000091552734,104.01000213623047,1947400
2019-01-03,102.4000015258789,103.0,99.11000061035156,99.1500015258789,2301100
2019-01-04,101.12999725341797,103.76000213623047,99.66000366210938,101.69999694824219,3610800
2019-01-07,101.5,104.94000244140625,99.29000091552734,104.41000366210938,2501900
2019-01-08,106.20999908447266,109.44999694824219,105.25,107.91999816894531,2402200
2019-01-09,108.69999694824219,109.58000183105469,107.19000244140625,107.45999908447266,1765800
2019-01-10,106.62999725341797,110.43000030517578,106.19999694824219,110.0,1637200
2019-01-11,109.52999877929688,111.69000244140625,107.80000305175781,109.02999877929688,1840300
2019-01-14,108.29000091552734,108.5,104.37000274658203,104.9800033569336,4607700
2019-01-15,105.19999694824219,107.0,102.52999877929688,106.48999786376953,4232000
2019-01-16,106.80999755859375,107.5,104.58000183105469,105.93000030517578,2150800
2019-01-17,105.13999938964844,106.16000366210938,104.41999816894531,105.37000274658203,1602900
2019-01-18,106.6500015258789,108.66000366210938,106.31999969482422,108.26000213623047,2567200
2019-01-22,107.69000244140625,108.22000122070312,106.72000122070312,107.33000183105469,1534200
2019-01-23,107.86000061035156,108.12000274658203,99.72000122070312,99.80999755859375,3736200
2019-01-24,100.43000030517578,102.16000366210938,99.8499984741211,101.48999786376953,1874900
2019-01-25,102.5,104.5,101.0199966430664,103.69999694824219,1815900
2019-01-28,100.75,102.94000244140625,100.1500015258789,102.38999938964844,1599700
2019-01-29,102.51000213623047,102.63999938964844,98.5,100.80999755859375,1569700
2019-01-30,102.80999755859375,102.9800033569336,100.94999694824219,102.5999984741211,1369200
2019-01-31,102.91000366210938,106.37000274658203,102.77999877929688,105.55000305175781,1684000
2019-02-01,105.4000015258789,106.0,103.52999877929688,104.94999694824219,1545300
2019-02-04,105.91000366210938,107.41000366210938,105.45999908447266,106.30000305175781,1675000
2019-02-05,106.69000244140625,109.0,106.6500015258789,107.29000091552734,3601600
2019-02-06,96.76000213623047,99.81999969482422,91.48999786376953,92.52999877929688,18945000
2019-02-07,92.55999755859375,98.56999969482422,92.0,96.38999938964844,7948900
2019-02-08,95.4000015258789,97.23999786376953,94.37999725341797,97.13999938964844,4714400
2019-02-11,97.62999725341797,97.83000183105469,92.83999633789062,93.44000244140625,4459000
2019-02-12,90.8499984741211,90.97000122070312,86.9000015258789,89.25,10361800
2019-02-13,90.05000305175781,92.41000366210938,88.88999938964844,92.13999938964844,5514600
2019-02-14,91.62000274658203,94.29000091552734,90.6500015258789,93.27999877929688,3286400
2019-02-15,94.02999877929688,94.06999969482422,92.27999877929688,93.30000305175781,2401600
2019-02-19,93.08000183105469,93.75,91.83999633789062,93.2699966430664,1857100
2019-02-20,93.4800033569336,93.4800033569336,86.91000366210938,88.66999816894531,6564200
2019-02-21,88.76000213623047,89.01000213623047,87.01000213623047,87.58999633789062,2758800
2019-02-22,88.0,88.27999877929688,85.95999908447266,87.06999969482422,2436900
2019-02-25,87.5199966430664,87.7699966430664,85.56999969482422,87.29000091552734,2700700
2019-02-26,87.30000305175781,88.91000366210938,86.44000244140625,87.33999633789062,2040400
2019-02-27,87.12000274658203,88.5,84.41000366210938,84.62999725341797,3680800
2019-02-28,84.70999908447266,87.91999816894531,84.55999755859375,87.26000213623047,3722000
2019-03-01,87.70999908447266,88.91000366210938,86.93000030517578,88.31999969482422,2028100
2019-03-04,88.80000305175781,89.80000305175781,86.31999969482422,87.44000244140625,2110200
2019-03-05,87.72000122070312,87.72000122070312,86.22000122070312,87.37000274658203,1371600
2019-03-06,87.33000183105469,88.5199966430664,86.95999908447266,87.19999694824219,1342900
2019-03-07,86.94999694824219,88.55999755859375,86.16999816894531,88.41000366210938,1700400
2019-03-08,87.36000061035156,87.56999969482422,85.83000183105469,87.04000091552734,2370300
2019-03-11,87.55999755859375,90.04000091552734,87.2699966430664,89.80000305175781,2267500
2019-03-12,89.87999725341797,90.13999938964844,88.93000030517578,89.8499984741211,2329900
2019-03-13,90.16999816894531,96.33999633789062,89.54000091552734,96.02999877929688,7636700
2019-03-14,93.5999984741211,93.68000030517578,90.77999877929688,92.43000030517578,3808500
2019-03-15,92.31999969482422,94.62000274658203,92.31999969482422,93.55000305175781,2333600
2019-03-18,93.83000183105469,94.70999908447266,92.62000274658203,93.83000183105469,1831900
2019-03-19,94.63999938964844,96.8499984741211,94.47000122070312,95.79000091552734,2112300
2019-03-20,96.44999694824219,97.83999633789062,95.52999877929688,96.05999755859375,2457600
2019-03-21,95.6500015258789,99.80000305175781,95.5999984741211,99.11000061035156,2874400
2019-03-22,98.88999938964844,100.44000244140625,95.80000305175781,96.0199966430664,1850200
2019-03-25,95.87000274658203,96.36000061035156,94.51000213623047,96.02999877929688,1777800
2019-03-26,96.8499984741211,98.70999908447266,95.9000015258789,96.37000274658203,2134900
2019-03-27,96.41999816894531,96.55999755859375,93.77999877929688,94.48999786376953,1496600
2019-03-28,94.66000366210938,96.66999816894531,94.0999984741211,96.48999786376953,1325000
2019-03-29,96.94999694824219,97.55000305175781,94.05000305175781,94.37000274658203,2362700
2019-04-01,95.38999938964844,96.05999755859375,94.38999938964844,95.69000244140625,1779300
2019-04-02,96.08999633789062,97.81999969482422,94.7300033569336,97.66000366210938,2006200
2019-04-03,98.05000305175781,99.5199966430664,97.72000122070312,97.91000366210938,1308600
2019-04-04,97.56999969482422,97.7300033569336,92.93000030517578,93.69999694824219,3120100
2019-04-05,94.3499984741211,95.26000213623047,93.68000030517578,94.52999877929688,1907100
2019-04-08,94.4800033569336,94.55000305175781,91.4000015258789,94.29000091552734,1574700
2019-04-09,93.80000305175781,94.79000091552734,92.94000244140625,93.27999877929688,1393900
2019-04-10,93.37999725341797,95.37000274658203,93.37999725341797,95.33000183105469,1459700
2019-04-11,95.6500015258789,96.2300033569336,94.80000305175781,95.2699966430664,1182100
2019-04-12,95.77999877929688,95.77999877929688,94.0,94.11000061035156,1390500
2019-04-15,94.56999969482422,96.16999816894531,92.58000183105469,92.6500015258789,2003800
2019-04-16,93.0,93.06999969482422,89.62000274658203,90.94000244140625,2536100
2019-04-17,90.94000244140625,91.18000030517578,87.97000122070312,89.73999786376953,2313200
2019-04-18,90.44000244140625,91.2699966430664,89.43000030517578,90.73999786376953,1728300
2019-04-22,90.75,91.98999786376953,89.88999938964844,91.91999816894531,1562700
2019-04-23,92.25,94.23999786376953,92.0999984741211,93.29000091552734,1548600
2019-04-24,93.44000244140625,93.8499984741211,92.9000015258789,93.5999984741211,848600
2019-04-25,93.44000244140625,94.22000122070312,92.8499984741211,92.9000015258789,903500
2019-04-26,93.41000366210938,96.33999633789062,92.9800033569336,96.25,1442600
2019-04-29,96.94999694824219,98.37000274658203,96.77999877929688,97.1500015258789,2457800
2019-04-30,97.12000274658203,97.98999786376953,96.23999786376953,96.83000183105469,1344100
2019-05-01,98.94000244140625,100.33999633789062,98.56999969482422,99.05000305175781,2881500
2019-05-02,99.11000061035156,100.87999725341797,98.55999755859375,99.68000030517578,1523200
2019-05-03,100.0,102.37999725341797,98.44000244140625,101.62000274658203,1913800
2019-05-06,99.44999694824219,102.1500015258789,99.11000061035156,101.6500015258789,1562800
2019-05-07,100.70999908447266,101.43000030517578,98.86000061035156,99.87999725341797,1533100
2019-05-08,102.0999984741211,102.4000015258789,99.8499984741211,101.80999755859375,2577300
2019-05-09,100.70999908447266,102.9000015258789,99.22000122070312,102.12000274658203,1365400
2019-05-10,101.44000244140625,103.68000030517578,99.5999984741211,103.37999725341797,1708000
2019-05-13,101.19000244140625,102.02999877929688,99.30000305175781,100.01000213623047,4018500
2019-05-14,101.05000305175781,105.97000122070312,99.72000122070312,103.55000305175781,7835500
2019-05-15,102.91000366210938,109.44000244140625,102.05999755859375,107.4800033569336,3453400
2019-05-16,107.3499984741211,109.36000061035156,106.5,107.55000305175781,1663500
2019-05-17,106.73999786376953,108.48999786376953,106.0,106.66000366210938,1245100
2019-05-20,105.86000061035156,106.08000183105469,102.87000274658203,102.9800033569336,1840000
2019-05-21,103.1500015258789,104.0999984741211,101.75,103.75,2087600
2019-05-22,103.77999877929688,105.37999725341797,103.4800033569336,104.2300033569336,1612400
2019-05-23,103.18000030517578,104.76000213623047,102.55999755859375,104.37999725341797,1492000
2019-05-24,104.55000305175781,105.61000061035156,103.73999786376953,105.0199966430664,1196700
2019-05-28,105.73999786376953,107.48999786376953,105.16000366210938,106.54000091552734,1702800
2019-05-29,105.62999725341797,107.75,105.08999633789062,107.0,2261100
2019-05-30,107.0999984741211,107.70999908447266,106.08999633789062,106.98999786376953,1338100
2019-05-31,106.0,108.83000183105469,105.68000030517578,108.1500015258789,2018400
2019-06-03,106.98999786376953,108.26000213623047,105.5199966430664,105.94999694824219,2013300
2019-06-04,108.22000122070312,109.0,105.31999969482422,108.98999786376953,1972200
2019-06-05,110.0,111.70999908447266,108.69000244140625,111.55000305175781,1612900
2019-06-06,111.7300033569336,113.69999694824219,110.20999908447266,110.66999816894531,1548600
2019-06-07,111.66999816894531,112.62000274658203,110.9000015258789,111.6500015258789,1126000
2019-06-10,112.18000030517578,112.73999786376953,109.93000030517578,111.77999877929688,1095300
2019-06-11,112.20999908447266,112.81999969482422,109.70999908447266,110.29000091552734,955800
2019-06-12,111.0999984741211,111.12999725341797,108.43000030517578,108.70999908447266,1434300
2019-06-13,108.86000061035156,111.16000366210938,108.70999908447266,110.72000122070312,999000
2019-06-14,110.5,110.7699966430664,108.91999816894531,110.36000061035156,1074600
2019-06-17,109.91999816894531,112.0199966430664,109.5999984741211,110.29000091552734,1157400
2019-06-18,111.5,113.33999633789062,110.30999755859375,111.0199966430664,1257700
2019-06-19,110.73999786376953,111.36000061035156,108.19000244140625,111.0199966430664,1085100
2019-06-20,112.05000305175781,112.80999755859375,110.6500015258789,111.54000091552734,1003200
2019-06-21,111.37000274658203,112.94000244140625,111.13999938964844,112.63999938964844,1448000
2019-06-24,112.70999908447266,113.91000366210938,111.9000015258789,113.83000183105469,1205700
2019-06-25,113.94000244140625,114.5199966430664,112.05999755859375,112.80999755859375,1310100
2019-06-26,113.18000030517578,113.95999908447266,111.25,111.55000305175781,1359100
2019-06-27,112.0,113.98999786376953,111.76000213623047,113.38999938964844,1279100
2019-06-28,114.02999877929688,114.30000305175781,111.4800033569336,113.52999877929688,1551700
2019-07-01,115.0,116.38999938964844,113.2699966430664,115.95999908447266,1596600
2019-07-02,116.61000061035156,118.19000244140625,115.9800033569336,116.91000366210938,1214600
2019-07-03,116.73999786376953,118.48999786376953,116.5999984741211,118.06999969482422,1087300
2019-07-05,117.25,117.3499984741211,115.19999694824219,117.2300033569336,1108100
2019-07-08,116.80999755859375,116.8499984741211,113.2699966430664,114.75,1295500
2019-07-09,114.16999816894531,115.75,113.01000213623047,115.08999633789062,786500
2019-07-10,115.88999938964844,118.58000183105469,115.80000305175781,117.16000366210938,1019300
2019-07-11,115.80999755859375,116.61000061035156,113.7300033569336,116.52999877929688,1610600
2019-07-12,116.30999755859375,117.05999755859375,115.47000122070312,116.45999908447266,953100
2019-07-15,116.9000015258789,117.16000366210938,115.54000091552734,117.02999877929688,788000
2019-07-16,116.83000183105469,117.52999877929688,115.77999877929688,117.44999694824219,778400
2019-07-17,117.55000305175781,118.5999984741211,117.31999969482422,117.5999984741211,969800
2019-07-18,117.0,118.33999633789062,115.76000213623047,117.69999694824219,1042300
2019-07-19,118.45999908447266,118.91999816894531,115.91000366210938,116.05999755859375,738500
2019-07-22,116.66000366210938,117.44999694824219,116.0,116.66000366210938,841400
2019-07-23,117.37999725341797,118.19999694824219,115.97000122070312,118.11000061035156,814200
2019-07-24,117.51000213623047,119.18000030517578,116.54000091552734,118.9000015258789,946700
2019-07-25,119.0199966430664,119.91000366210938,117.7699966430664,119.25,773700
2019-07-26,120.2300033569336,123.45999908447266,119.6500015258789,121.77999877929688,2290600
2019-07-29,122.73999786376953,123.7300033569336,119.70999908447266,123.58999633789062,1606700
2019-07-30,121.9800033569336,123.73999786376953,120.8499984741211,123.19999694824219,1618400
2019-07-31,123.77999877929688,124.69999694824219,120.87000274658203,122.5199966430664,1318000
2019-08-01,121.62999725341797,125.54000091552734,121.26000213623047,122.0999984741211,1825100
2019-08-02,121.44000244140625,122.16000366210938,119.13999938964844,121.69000244140625,1410000
2019-08-05,119.01000213623047,119.86000061035156,112.2699966430664,115.37999725341797,4535900
2019-08-06,124.88999938964844,128.5,122.5,124.55999755859375,5323200
2019-08-07,123.02999877929688,130.0,122.9000015258789,129.39999389648438,2459300
2019-08-08,130.52000427246094,131.52999877929688,129.66000366210938,131.38999938964844,1527200
2019-08-09,131.1199951171875,131.5,127.18000030517578,128.8699951171875,1336800
2019-08-12,127.58000183105469,129.50999450683594,126.77999877929688,127.62000274658203,1364600
2019-08-13,126.88999938964844,129.36000061035156,125.5999984741211,127.52999877929688,1490200
2019-08-14,125.91999816894531,127.66000366210938,125.45999908447266,126.22000122070312,1731300
2019-08-15,126.5,127.41999816894531,125.52999877929688,126.16000366210938,1212100
2019-08-16,126.66999816894531,127.62000274658203,125.9000015258789,127.19999694824219,1488500
2019-08-19,129.25,130.97999572753906,128.61000061035156,129.86000061035156,1047500
2019-08-20,129.77000427246094,132.2100067138672,128.80999755859375,131.42999267578125,1142100
2019-08-21,132.8800048828125,135.6999969482422,131.13999938964844,134.2100067138672,1897600
2019-08-22,134.33999633789062,134.49000549316406,131.42999267578125,132.38999938964844,964000
2019-08-23,132.27999877929688,132.52999877929688,128.44000244140625,128.80999755859375,1406200
2019-08-26,129.7100067138672,130.55999755859375,128.08999633789062,130.49000549316406,1132100
2019-08-27,131.6699981689453,132.14999389648438,129.86000061035156,130.83999633789062,989800
2019-08-28,130.77999877929688,131.3699951171875,128.63999938964844,131.22000122070312,723300
2019-08-29,132.9499969482422,133.4600067138672,131.42999267578125,132.39999389648438,894300
2019-08-30,133.39999389648438,134.41000366210938,130.64999389648438,131.97000122070312,1116800
2019-09-03,130.9600067138672,132.67999267578125,130.74000549316406,131.66000366210938,1548900
2019-09-04,133.1999969482422,134.0,132.27999877929688,132.74000549316406,1101900
2019-09-05,134.3000030517578,134.74000549316406,129.94000244140625,131.35000610351562,1169800
2019-09-06,132.0399932861328,132.1300048828125,130.66000366210938,130.75999450683594,843300
2019-09-09,130.82000732421875,133.4199981689453,129.77999877929688,132.1699981689453,1396000
2019-09-10,130.97999572753906,132.25999450683594,126.86000061035156,128.39999389648438,1863500
2019-09-11,128.6199951171875,128.7899932861328,121.87999725341797,122.62000274658203,3296400
2019-09-12,124.37000274658203,127.80000305175781,124.37000274658203,126.23999786376953,2774200
2019-09-13,126.55000305175781,127.4000015258789,125.01000213623047,125.0999984741211,1920000
2019-09-16,124.19999694824219,129.5800018310547,123.8499984741211,128.6300048828125,1240600
2019-09-17,128.7100067138672,131.00999450683594,127.19999694824219,130.91000366210938,1351400
2019-09-18,130.72000122070312,131.36000061035156,126.97000122070312,129.75999450683594,1056200
2019-09-19,129.55999755859375,132.35000610351562,129.25999450683594,130.58999633789062,1118500
2019-09-20,131.57000732421875,132.0,129.3699951171875,130.55999755859375,1138000
2019-09-23,129.2100067138672,129.8000030517578,125.5,125.7300033569336,1925500
2019-09-24,126.12000274658203,126.69999694824219,124.1500015258789,125.08000183105469,1407400
2019-09-25,124.01000213623047,127.68000030517578,123.77999877929688,127.23999786376953,1134400
2019-09-26,127.1500015258789,128.55999755859375,126.54000091552734,126.7699966430664,695100
2019-09-27,127.08999633789062,127.41999816894531,122.62000274658203,123.97000122070312,916400
2019-09-30,123.95999908447266,125.9000015258789,122.81999969482422,125.33999633789062,811400
2019-10-01,125.19999694824219,125.9800033569336,122.44000244140625,122.91000366210938,1499000
2019-10-02,122.2699966430664,122.2699966430664,118.04000091552734,119.66000366210938,2132400
2019-10-03,119.66999816894531,121.01000213623047,118.02999877929688,120.5,1257500
2019-10-04,120.4000015258789,123.77999877929688,117.4000015258789,123.33000183105469,2199200
2019-10-07,122.9800033569336,123.76000213623047,121.66000366210938,122.98999786376953,762700
2019-10-08,119.8499984741211,120.80999755859375,117.2699966430664,119.44999694824219,1822700
2019-10-09,120.93000030517578,122.8499984741211,120.04000091552734,121.87000274658203,1328400
2019-10-10,121.30999755859375,122.52999877929688,120.29000091552734,122.4000015258789,1222400
2019-10-11,123.4000015258789,124.33999633789062,122.27999877929688,122.41999816894531,1189800
2019-10-14,122.36000061035156,122.51000213623047,121.01000213623047,121.16000366210938,926800
2019-10-15,121.94999694824219,124.08999633789062,121.69999694824219,123.94000244140625,1009600
2019-10-16,123.16999816894531,123.94999694824219,120.25,121.1500015258789,1310100
2019-10-17,122.30999755859375,123.91999816894531,121.87999725341797,122.73999786376953,763900
2019-10-18,122.83000183105469,123.18000030517578,120.94999694824219,122.7300033569336,901700
2019-10-21,123.16999816894531,123.87999725341797,121.4800033569336,123.0999984741211,872100
2019-10-22,123.87000274658203,124.43000030517578,121.7699966430664,121.98999786376953,1169000
2019-10-23,122.36000061035156,123.91000366210938,121.45999908447266,122.68000030517578,911400
2019-10-24,123.5999984741211,125.52999877929688,123.44999694824219,124.33999633789062,1142400
2019-10-25,124.37999725341797,125.58999633789062,123.41999816894531,125.33000183105469,647500
2019-10-28,125.80999755859375,126.3499984741211,122.55000305175781,122.77999877929688,1167300
2019-10-29,122.79000091552734,122.79000091552734,120.70999908447266,121.08999633789062,812200
2019-10-30,122.0199966430664,123.76000213623047,121.11000061035156,123.12999725341797,878200
2019-10-31,123.01000213623047,123.25,119.95999908447266,120.3499984741211,1226300
2019-11-01,121.27999877929688,121.73999786376953,116.80000305175781,116.9000015258789,1984400
2019-11-04,118.2699966430664,118.4000015258789,116.62000274658203,117.19999694824219,1692900
2019-11-05,117.98999786376953,118.4800033569336,116.22000122070312,117.25,1492300
2019-11-06,116.98999786376953,117.70999908447266,115.30999755859375,116.68000030517578,1491600
2019-11-07,117.86000061035156,118.41000366210938,115.44999694824219,116.91000366210938,2795800
2019-11-08,117.69000244140625,122.56999969482422,116.56999969482422,116.95999908447266,3429500
2019-11-11,115.98999786376953,119.91999816894531,115.37000274658203,119.6500015258789,1814200
2019-11-12,119.22000122070312,119.37999725341797,117.33000183105469,118.98999786376953,1622100
2019-11-13,119.55999755859375,120.88999938964844,118.63999938964844,120.2699966430664,1247400
2019-11-14,120.18000030517578,122.5,119.12000274658203,122.30000305175781,832900
2019-11-15,122.7699966430664,123.86000061035156,121.95999908447266,123.81999969482422,1105600
2019-11-18,123.51000213623047,124.02999877929688,122.36000061035156,123.1500015258789,1186900
2019-11-19,123.62000274658203,124.08999633789062,122.45999908447266,123.6500015258789,925500
2019-11-20,123.5,124.41000366210938,122.56999969482422,123.4000015258789,1359200
2019-11-21,123.06999969482422,123.87999725341797,122.01000213623047,122.54000091552734,964700
2019-11-22,122.19999694824219,122.61000061035156,117.80000305175781,119.4800033569336,1419500
2019-11-25,119.87999725341797,120.66999816894531,118.87999725341797,119.36000061035156,913500
2019-11-26,119.94000244140625,120.69999694824219,118.7300033569336,120.44000244140625,1291100
2019-11-27,120.97000122070312,121.7300033569336,119.66000366210938,121.58000183105469,717500
2019-11-29,121.62000274658203,122.88999938964844,120.73999786376953,121.3499984741211,400400
2019-12-02,121.58999633789062,121.72000122070312,119.33000183105469,120.7300033569336,1137400
2019-12-03,118.93000030517578,123.1500015258789,118.93000030517578,123.11000061035156,1688300
2019-12-04,123.94999694824219,124.12999725341797,121.70999908447266,121.95999908447266,907700
2019-12-05,121.7300033569336,124.05999755859375,121.13999938964844,123.97000122070312,985800
2019-12-06,123.75,124.94999694824219,122.8499984741211,123.7300033569336,1023700
2019-12-09,122.80000305175781,122.98999786376953,119.22000122070312,120.05999755859375,1621600
2019-12-10,120.77999877929688,122.52999877929688,119.51000213623047,122.29000091552734,1095800
2019-12-11,122.22000122070312,123.80000305175781,121.16999816894531,122.4000015258789,728700
2019-12-12,122.13999938964844,125.37999725341797,121.58999633789062,125.2699966430664,1517600
2019-12-13,125.16999816894531,125.16999816894531,121.7300033569336,121.81999969482422,1299600
2019-12-16,122.41000366210938,123.5,121.98999786376953,122.70999908447266,724500
2019-12-17,122.70999908447266,123.29000091552734,121.51000213623047,122.56999969482422,750900
2019-12-18,122.56999969482422,122.88999938964844,121.33999633789062,122.45999908447266,1449500
2019-12-19,122.91999816894531,122.94999694824219,120.91000366210938,121.81999969482422,1245000
2019-12-20,122.94999694824219,124.30000305175781,121.54000091552734,123.61000061035156,2133100
2019-12-23,123.7300033569336,124.23999786376953,122.08999633789062,122.12000274658203,818200
2019-12-24,122.58999633789062,124.16000366210938,122.0,123.93000030517578,857500
2019-12-26,123.55000305175781,124.33999633789062,123.0999984741211,123.98999786376953,839600
2019-12-27,124.44000244140625,124.86000061035156,122.8499984741211,124.47000122070312,543800
2019-12-30,124.47000122070312,124.47000122070312,122.19000244140625,122.3499984741211,587800
2019-12-31,122.25,122.79000091552734,121.4800033569336,122.43000030517578,613700
2020-01-02,123.52999877929688,123.9800033569336,121.4000015258789,122.08000183105469,1114200
2020-01-03,120.44000244140625,122.5,120.27999877929688,122.20999908447266,729100
2020-01-06,122.0199966430664,125.12999725341797,121.55000305175781,124.69000244140625,1678700
2020-01-07,124.58999633789062,126.47000122070312,123.66999816894531,125.51000213623047,1179300
2020-01-08,125.95999908447266,129.0,124.81999969482422,127.81999969482422,1665900
2020-01-09,128.72000122070312,129.5500030517578,127.4000015258789,128.02000427246094,804300
2020-01-10,127.69999694824219,128.52999877929688,126.63999938964844,126.76000213623047,864800
2020-01-13,126.91999816894531,128.57000732421875,125.18000030517578,128.4499969482422,1061100
2020-01-14,125.51000213623047,127.52999877929688,124.55999755859375,126.93000030517578,1768800
2020-01-15,127.08999633789062,128.00999450683594,126.05000305175781,126.61000061035156,592600
2020-01-16,126.8499984741211,127.70999908447266,126.27999877929688,127.63999938964844,1041300
2020-01-17,128.4199981689453,130.4199981689453,127.4000015258789,130.00999450683594,1948900
2020-01-21,129.07000732421875,130.97999572753906,127.47000122070312,130.38999938964844,1398100
2020-01-22,131.4499969482422,133.36000061035156,129.6999969482422,130.11000061035156,1023100
2020-01-23,130.44000244140625,130.8699951171875,128.6699981689453,129.07000732421875,980800
2020-01-24,128.0399932861328,128.1699981689453,125.16000366210938,125.27999877929688,1267800
2020-01-27,122.19000244140625,123.95999908447266,121.55000305175781,123.06999969482422,1368600
2020-01-28,123.11000061035156,126.69000244140625,123.11000061035156,125.97000122070312,1502300
2020-01-29,126.9800033569336,127.05000305175781,124.55000305175781,125.91000366210938,934700
2020-01-30,124.9800033569336,127.5999984741211,124.94000244140625,127.43000030517578,1033700
2020-01-31,126.4000015258789,126.88999938964844,124.2699966430664,124.63999938964844,1486200
2020-02-03,125.23999786376953,126.3499984741211,123.8499984741211,124.3499984741211,1119000
2020-02-04,126.30000305175781,127.73999786376953,124.80000305175781,126.93000030517578,1653600
2020-02-05,122.44999694824219,123.91999816894531,119.30999755859375,120.76000213623047,2982300
2020-02-06,121.05000305175781,128.0500030517578,121.05000305175781,127.73999786376953,3333700
2020-02-07,116.0,117.66000366210938,112.58000183105469,112.5999984741211,8808000
2020-02-10,112.5,112.5999984741211,109.08999633789062,111.0,4090400
2020-02-11,111.0,112.69000244140625,110.0,112.38999938964844,2411100
2020-02-12,112.52999877929688,115.27999877929688,112.01000213623047,114.0199966430664,3782300
2020-02-13,113.66000366210938,114.26000213623047,111.1500015258789,112.20999908447266,2093300
2020-02-14,112.58000183105469,114.26000213623047,111.7699966430664,113.43000030517578,1117900
2020-02-18,113.23999786376953,114.16999816894531,112.51000213623047,113.43000030517578,1231700
2020-02-19,114.0999984741211,114.76000213623047,113.47000122070312,113.54000091552734,1225800
2020-02-20,113.33999633789062,115.20999908447266,112.75,115.12999725341797,1612100
2020-02-21,114.69999694824219,116.58000183105469,114.04000091552734,116.02999877929688,2337300
2020-02-24,114.51000213623047,116.55000305175781,112.73999786376953,113.0199966430664,1960100
2020-02-25,113.5,114.44000244140625,110.58999633789062,110.97000122070312,2362500
2020-02-26,111.2300033569336,112.5,109.44999694824219,109.47000122070312,2561800
2020-02-27,107.55999755859375,111.95999908447266,106.22000122070312,107.83999633789062,2502800
2020-02-28,106.55999755859375,109.27999877929688,105.2699966430664,107.4800033569336,3384800
2020-03-02,108.58000183105469,112.12999725341797,107.91999816894531,112.05999755859375,2321900
2020-03-03,111.75,115.04000091552734,109.80999755859375,111.22000122070312,2073500
2020-03-04,113.44000244140625,119.79000091552734,113.44000244140625,119.41999816894531,2573300
2020-03-05,115.94999694824219,119.08000183105469,115.0999984741211,117.2699966430664,2289900
2020-03-06,113.69999694824219,118.70999908447266,113.47000122070312,117.69000244140625,2426100
2020-03-09,109.95999908447266,118.02999877929688,109.16999816894531,113.87999725341797,2388800
2020-03-10,118.5999984741211,118.87999725341797,113.30000305175781,118.75,2474300
2020-03-11,116.44000244140625,119.83000183105469,115.8499984741211,119.05000305175781,2212100
2020-03-12,112.0,116.7300033569336,108.3499984741211,108.36000061035156,3587500
2020-03-13,113.7699966430664,116.7300033569336,109.41999816894531,116.62000274658203,2637100
2020-03-16,105.83999633789062,115.16999816894531,104.94999694824219,108.01000213623047,2918800
2020-03-17,110.52999877929688,117.95999908447266,105.1500015258789,116.47000122070312,2956100
2020-03-18,111.6500015258789,120.5,101.80000305175781,106.62000274658203,4012600
2020-03-19,107.26000213623047,108.75,102.97000122070312,106.36000061035156,2358000
2020-03-20,108.5199966430664,110.13999938964844,100.0,100.1500015258789,4210900
2020-03-23,102.22000122070312,111.94000244140625,100.3499984741211,109.81999969482422,2892900
2020-03-24,114.08999633789062,117.48999786376953,108.38999938964844,112.22000122070312,2642000
2020-03-25,111.86000061035156,115.30000305175781,108.0,109.72000122070312,3034300
2020-03-26,110.25,115.58999633789062,108.61000061035156,115.25,2233700
2020-03-27,113.20999908447266,114.58000183105469,110.0,111.69999694824219,1880700
2020-03-30,113.87999725341797,119.88999938964844,112.88999938964844,118.51000213623047,3389300
2020-03-31,118.33999633789062,120.69999694824219,116.29000091552734,118.61000061035156,3100400
2020-04-01,115.5199966430664,123.91000366210938,114.66000366210938,116.33000183105469,3031100
2020-04-02,117.08999633789062,120.12000274658203,115.48999786376953,119.51000213623047,1725800
2020-04-03,119.33999633789062,121.5999984741211,117.7699966430664,118.48999786376953,1885000
2020-04-06,120.6500015258789,122.4800033569336,119.01000213623047,121.29000091552734,1626900
2020-04-07,123.43000030517578,123.69999694824219,117.19999694824219,120.05999755859375,2387000
2020-04-08,121.11000061035156,122.12000274658203,118.70999908447266,119.0999984741211,1706200
2020-04-09,119.5,121.23999786376953,118.41000366210938,119.4000015258789,1950000
2020-04-13,118.6500015258789,120.41000366210938,117.2699966430664,120.0,1641900
2020-04-14,124.26000213623047,125.66999816894531,122.69000244140625,122.77999877929688,3199800
2020-04-15,122.48999786376953,126.80000305175781,121.73999786376953,123.5,3584900
2020-04-16,124.36000061035156,127.2699966430664,122.81999969482422,126.81999969482422,4626500
2020-04-17,125.9800033569336,126.25,121.0,124.44000244140625,3703400
2020-04-20,124.23999786376953,125.66000366210938,123.11000061035156,125.3499984741211,1881800
2020-04-21,126.04000091552734,128.0800018310547,123.37999725341797,125.7300033569336,2502900
2020-04-22,126.69000244140625,128.05999755859375,123.45999908447266,127.44000244140625,1938000
2020-04-23,127.56999969482422,127.98999786376953,124.12000274658203,124.55000305175781,1485300
2020-04-24,125.44000244140625,127.9800033569336,124.6500015258789,127.87999725341797,1137800
2020-04-27,128.22000122070312,129.33999633789062,125.2699966430664,125.93000030517578,1236400
2020-04-28,125.45999908447266,125.66000366210938,120.41999816894531,120.51000213623047,1654600
2020-04-29,120.55000305175781,122.16999816894531,118.01000213623047,121.18000030517578,1492400
2020-04-30,120.94000244140625,122.05000305175781,119.37000274658203,121.05000305175781,1210200
2020-05-01,119.22000122070312,123.4800033569336,119.22000122070312,122.6500015258789,1428300
2020-05-04,123.61000061035156,125.70999908447266,122.86000061035156,124.91000366210938,1527500
2020-05-05,126.11000061035156,126.79000091552734,124.12999725341797,125.27999877929688,1578300
2020-05-06,126.56999969482422,128.86000061035156,125.61000061035156,127.7300033569336,1363300
2020-05-07,128.8800048828125,130.5500030517578,128.00999450683594,128.77999877929688,1442200
2020-05-08,129.3699951171875,130.77999877929688,127.69999694824219,129.85000610351562,1314400
2020-05-11,130.0,134.8000030517578,129.66000366210938,132.58999633789062,2106600
2020-05-12,133.3699951171875,135.02000427246094,131.30999755859375,131.6199951171875,1448000
2020-05-13,132.1999969482422,133.88999938964844,129.5800018310547,131.3800048828125,1517700
2020-05-14,130.94000244140625,131.63999938964844,128.55999755859375,131.52999877929688,1165200
2020-05-15,129.7100067138672,133.5399932861328,129.5,132.5399932861328,1749300
2020-05-18,133.25,135.94000244140625,130.25,135.52999877929688,2692500
2020-05-19,136.33999633789062,143.22000122070312,136.33999633789062,142.24000549316406,3227000
2020-05-20,143.83999633789062,149.27999877929688,143.82000732421875,146.83999633789062,7065900
2020-05-21,142.13999938964844,147.75,137.1300048828125,138.19000244140625,7409600
2020-05-22,139.64999389648438,141.5,138.6300048828125,140.50999450683594,2233800
2020-05-26,142.44000244140625,142.75,129.80999755859375,130.1999969482422,5916700
2020-05-27,130.44000244140625,134.6999969482422,126.55999755859375,134.52000427246094,5231800
2020-05-28,133.9199981689453,136.5500030517578,133.57000732421875,134.07000732421875,2346900
2020-05-29,135.02999877929688,137.22999572753906,132.7100067138672,136.1699981689453,4593600
2020-06-01,135.6199951171875,136.58999633789062,134.25,136.22000122070312,1932800
2020-06-02,135.0399932861328,135.75999450683594,132.33999633789062,134.60000610351562,1801200
2020-06-03,134.0,134.00999450683594,128.25999450683594,129.3000030517578,3076100
2020-06-04,129.11000061035156,130.2899932861328,125.77999877929688,127.58999633789062,2647000
2020-06-05,125.26000213623047,129.00999450683594,124.86000061035156,128.91000366210938,3318000
2020-06-08,127.23999786376953,134.97999572753906,125.77999877929688,134.8000030517578,2954800
2020-06-09,134.97000122070312,136.9499969482422,132.52999877929688,134.41000366210938,1702200
2020-06-10,135.6999969482422,139.4199981689453,135.19000244140625,137.30999755859375,2133100
2020-06-11,137.1199951171875,138.0800018310547,134.05999755859375,134.9199981689453,1922300
2020-06-12,137.58999633789062,137.80999755859375,130.99000549316406,134.0,2586200
2020-06-15,134.13999938964844,137.94000244140625,133.8800048828125,137.14999389648438,2109400
2020-06-16,137.9199981689453,138.69000244140625,135.07000732421875,135.6699981689453,1408100
2020-06-17,136.16000366210938,139.83999633789062,136.16000366210938,138.9199981689453,2006800
2020-06-18,139.75999450683594,141.6300048828125,139.0,141.25,1108100
2020-06-19,142.32000732421875,142.9499969482422,139.4600067138672,142.61000061035156,2896700
2020-06-22,141.97999572753906,143.1999969482422,139.94000244140625,141.13999938964844,1587500
2020-06-23,141.6999969482422,145.4199981689453,141.5800018310547,143.3699951171875,1283000
2020-06-24,142.8699951171875,143.44000244140625,137.39999389648438,139.8699951171875,1479800
2020-06-25,140.58999633789062,140.75999450683594,137.30999755859375,140.39999389648438,1282100
2020-06-26,140.5,141.94000244140625,137.5399932861328,141.17999267578125,3061300
2020-06-29,141.92999267578125,142.00999450683594,136.80999755859375,137.7899932861328,1555300
2020-06-30,138.3699951171875,140.77999877929688,138.1300048828125,139.57000732421875,3111500
2020-07-01,138.39999389648438,144.55999755859375,137.5,144.11000061035156,2025400
2020-07-02,145.00999450683594,146.08999633789062,143.50999450683594,144.39999389648438,1578700
2020-07-06,145.0,147.8000030517578,144.33999633789062,145.67999267578125,2321300
2020-07-07,146.0500030517578,149.8699951171875,145.67999267578125,147.27000427246094,1680200
2020-07-08,148.74000549316406,148.75,145.47999572753906,147.82000732421875,1557100
2020-07-09,149.0,151.32000732421875,148.24000549316406,150.75999450683594,1151600
2020-07-10,150.85000610351562,154.8800048828125,150.22999572753906,153.91000366210938,1313400
2020-07-13,154.4600067138672,155.99000549316406,146.14999389648438,146.82000732421875,1671500
2020-07-14,145.50999450683594,151.27999877929688,144.13999938964844,151.0500030517578,1284200
2020-07-15,150.02000427246094,152.0500030517578,147.9499969482422,151.27999877929688,1499600
2020-07-16,150.52000427246094,151.1699981689453,148.1199951171875,150.30999755859375,786400
2020-07-17,150.67999267578125,151.13999938964844,148.7100067138672,150.5800018310547,1055400
2020-07-20,151.13999938964844,155.2100067138672,150.8800048828125,154.6999969482422,846500
2020-07-21,155.6300048828125,156.32000732421875,152.4499969482422,153.05999755859375,850800
2020-07-22,153.5800018310547,155.47999572753906,153.08999633789062,154.0500030517578,717800
2020-07-23,155.50999450683594,155.8800048828125,151.02000427246094,151.47999572753906,895800
2020-07-24,150.0399932861328,156.67999267578125,148.8800048828125,156.02000427246094,1641900
2020-07-27,157.16000366210938,160.25999450683594,156.6699981689453,159.24000549316406,1144100
2020-07-28,158.11000061035156,158.94000244140625,156.02000427246094,156.41000366210938,732500
2020-07-29,157.55999755859375,159.24000549316406,156.86000061035156,157.82000732421875,686600
2020-07-30,156.72000122070312,160.5500030517578,155.9199981689453,159.55999755859375,954800
2020-07-31,163.9199981689453,164.11000061035156,160.07000732421875,164.02000427246094,1762400
2020-08-03,165.63999938964844,169.19000244140625,164.25,167.69000244140625,3615000
2020-08-04,175.69000244140625,180.61000061035156,172.05999755859375,177.52000427246094,4555500
2020-08-05,175.6199951171875,177.05999755859375,171.33999633789062,176.02000427246094,1646300
2020-08-06,176.30999755859375,177.88999938964844,174.11000061035156,177.33999633789062,1153200
2020-08-07,175.32000732421875,176.5500030517578,171.64999389648438,174.9600067138672,1280300
2020-08-10,175.10000610351562,175.5,171.8699951171875,174.72999572753906,1011700
2020-08-11,173.75999450683594,173.75999450683594,165.33999633789062,167.11000061035156,1829900
2020-08-12,167.02000427246094,170.25999450683594,166.13999938964844,168.11000061035156,1233900
2020-08-13,169.22000122070312,172.47999572753906,169.1300048828125,171.27999877929688,784900
2020-08-14,173.25999450683594,175.52000427246094,172.2100067138672,173.41000366210938,1085800
2020-08-17,175.72000122070312,175.86000061035156,173.80999755859375,175.2100067138672,641800
2020-08-18,175.6999969482422,177.52999877929688,173.52000427246094,176.97999572753906,828000
2020-08-19,175.83999633789062,176.86000061035156,171.5500030517578,172.6300048828125,1416200
2020-08-20,172.0,175.50999450683594,172.0,174.42999267578125,1148900
2020-08-21,175.0500030517578,175.0500030517578,171.83999633789062,173.13999938964844,1093200
2020-08-24,173.13999938964844,174.72000122070312,170.55999755859375,172.5500030517578,916200
2020-08-25,171.99000549316406,173.92999267578125,170.72000122070312,173.02000427246094,700600
2020-08-26,173.3000030517578,175.5800018310547,172.6999969482422,175.38999938964844,892900
2020-08-27,175.1199951171875,175.60000610351562,171.1699981689453,172.6699981689453,1591300
2020-08-28,173.1300048828125,174.07000732421875,170.4600067138672,171.05999755859375,858300
2020-08-31,170.67999267578125,172.85000610351562,169.57000732421875,171.19000244140625,918500
2020-09-01,171.77999877929688,174.13999938964844,171.0500030517578,172.5,913400
2020-09-02,172.9600067138672,174.16000366210938,170.25999450683594,172.8300018310547,1296200
2020-09-03,171.50999450683594,171.8000030517578,164.52000427246094,166.60000610351562,1512000
2020-09-04,163.9600067138672,165.57000732421875,157.24000549316406,161.7100067138672,1507800
2020-09-08,157.05999755859375,159.6300048828125,153.3000030517578,156.22000122070312,2165600
2020-09-09,159.66000366210938,160.36000061035156,156.1199951171875,158.58999633789062,1457400
2020-09-10,158.5,161.36000061035156,153.61000061035156,154.32000732421875,1137500
2020-09-11,156.80999755859375,156.80999755859375,151.6300048828125,153.52999877929688,1176600
2020-09-14,155.19000244140625,157.64999389648438,154.32000732421875,156.47999572753906,1022000
2020-09-15,157.52999877929688,161.41000366210938,157.32000732421875,160.58999633789062,1071100
2020-09-16,160.86000061035156,162.97999572753906,156.49000549316406,157.07000732421875,1052400
2020-09-17,153.58999633789062,159.47000122070312,153.58999633789062,159.4499969482422,1310400
2020-09-18,161.02999877929688,161.25,157.3699951171875,158.49000549316406,1892400
2020-09-21,157.05999755859375,164.72999572753906,157.00999450683594,164.33999633789062,1508700
2020-09-22,166.25,166.86000061035156,161.36000061035156,166.22000122070312,1053400
2020-09-23,165.5800018310547,166.30999755859375,161.88999938964844,162.30999755859375,996600
2020-09-24,160.27000427246094,165.92999267578125,160.27000427246094,163.2899932861328,768000
2020-09-25,162.57000732421875,166.47000122070312,161.5,165.77999877929688,829800
2020-09-28,167.3699951171875,167.9499969482422,164.82000732421875,167.4600067138672,979100
2020-09-29,166.60000610351562,167.35000610351562,163.91000366210938,164.33999633789062,1216300
2020-09-30,164.7899932861328,166.25,162.80999755859375,165.22000122070312,929100
2020-10-01,166.47999572753906,168.02999877929688,165.67999267578125,166.11000061035156,1047400
2020-10-02,162.6199951171875,164.1999969482422,157.82000732421875,160.14999389648438,1255800
2020-10-05,161.92999267578125,164.9600067138672,161.17999267578125,164.75999450683594,853600
2020-10-06,164.89999389648438,167.0,161.39999389648438,162.1999969482422,1064400
2020-10-07,162.55999755859375,163.52999877929688,159.49000549316406,160.9600067138672,984800
2020-10-08,162.4600067138672,162.9199981689453,159.07000732421875,160.4199981689453,904800
2020-10-09,161.1300048828125,162.6999969482422,160.75999450683594,161.63999938964844,611900
2020-10-12,164.94000244140625,168.27000427246094,163.92999267578125,167.13999938964844,1784900
2020-10-13,167.27999877929688,170.1199951171875,164.66000366210938,169.16000366210938,1368900
2020-10-14,170.41000366210938,170.99000549316406,166.3000030517578,168.94000244140625,1123700
2020-10-15,166.35000610351562,168.5,165.0500030517578,168.02999877929688,881400
2020-10-16,169.0,170.8000030517578,167.83999633789062,168.22000122070312,2043700
2020-10-19,170.52000427246094,172.0,164.4199981689453,165.52999877929688,1005400
2020-10-20,166.6999969482422,167.11000061035156,164.02999877929688,164.44000244140625,1003100
2020-10-21,165.75,166.61000061035156,163.50999450683594,164.5500030517578,782500
2020-10-22,164.27999877929688,164.5500030517578,159.47999572753906,163.2899932861328,1387000
2020-10-23,164.2899932861328,164.75,161.80999755859375,164.42999267578125,646200
2020-10-26,163.9600067138672,166.66000366210938,162.02999877929688,165.0500030517578,830000
2020-10-27,166.3000030517578,167.88999938964844,165.14999389648438,167.36000061035156,722200
2020-10-28,165.97999572753906,166.75999450683594,163.52999877929688,164.38999938964844,845300
2020-10-29,164.66000366210938,165.61000061035156,160.5,162.77000427246094,1257400
2020-10-30,162.4600067138672,162.77000427246094,153.94000244140625,154.9199981689453,1678700
2020-11-02,156.83999633789062,157.11000061035156,151.0,154.02999877929688,1127000
2020-11-03,154.77999877929688,160.19000244140625,154.1999969482422,158.8800048828125,1163300
2020-11-04,161.6300048828125,166.58999633789062,161.19000244140625,163.72000122070312,1301300
2020-11-05,167.10000610351562,171.5399932861328,164.64999389648438,168.67999267578125,2131000
2020-11-06,172.77999877929688,179.4600067138672,164.24000549316406,175.19000244140625,3182000
2020-11-09,169.5,169.83999633789062,156.16000366210938,159.99000549316406,3189300
2020-11-10,157.75999450683594,157.97999572753906,152.8800048828125,154.88999938964844,3032000
2020-11-11,157.2100067138672,161.80999755859375,156.50999450683594,161.57000732421875,1534700
2020-11-12,162.1999969482422,163.99000549316406,159.5800018310547,160.22000122070312,1410800
2020-11-13,160.1999969482422,162.88999938964844,159.39999389648438,161.8300018310547,1148600
2020-11-16,161.35000610351562,162.64999389648438,159.55999755859375,162.38999938964844,1047000
2020-11-17,162.35000610351562,164.9499969482422,161.7899932861328,162.1999969482422,946300
2020-11-18,161.8800048828125,163.32000732421875,159.83999633789062,161.55999755859375,985500
2020-11-19,160.1999969482422,168.07000732421875,159.5500030517578,165.5800018310547,1688300
2020-11-20,165.99000549316406,172.52999877929688,165.22999572753906,170.0500030517578,1455300
2020-11-23,170.0500030517578,171.58999633789062,166.88999938964844,171.19000244140625,1138100
2020-11-24,171.10000610351562,171.27000427246094,167.2899932861328,169.8300018310547,1222100
2020-11-25,170.5500030517578,174.44000244140625,170.5500030517578,173.97999572753906,889200
2020-11-27,175.8699951171875,177.94000244140625,174.35000610351562,176.41000366210938,615100
2020-11-30,176.77999877929688,181.7100067138672,175.13999938964844,180.50999450683594,2667000
2020-12-01,181.5,181.5,175.25,180.05999755859375,1151200
2020-12-02,178.9499969482422,181.47999572753906,177.7899932861328,181.3000030517578,703000
2020-12-03,181.3300018310547,184.42999267578125,180.22000122070312,180.75999450683594,950900
2020-12-04,180.10000610351562,181.64999389648438,178.88999938964844,180.72999572753906,1126600
2020-12-07,181.3800048828125,184.6999969482422,180.77000427246094,183.38999938964844,1335600
2020-12-08,184.41000366210938,186.72999572753906,182.44000244140625,183.60000610351562,1784900
2020-12-09,181.25,185.13999938964844,181.0,183.67999267578125,1305800
2020-12-10,182.8300018310547,188.5399932861328,182.35000610351562,187.82000732421875,1507500
2020-12-11,188.19000244140625,191.0,186.83999633789062,190.2100067138672,1585800
2020-12-14,193.3800048828125,203.69000244140625,193.0,195.1999969482422,3660300
2020-12-15,195.99000549316406,197.19000244140625,193.6300048828125,194.6999969482422,2440200
2020-12-16,194.5399932861328,197.8800048828125,193.75,195.1199951171875,2920400
2020-12-17,197.00999450683594,197.4499969482422,191.75999450683594,197.39999389648438,2128400
2020-12-18,197.99000549316406,205.83999633789062,197.39999389648438,203.38999938964844,5178300
2020-12-21,203.9600067138672,204.4199981689453,198.27999877929688,201.77000427246094,1087700
2020-12-22,202.74000549316406,204.16000366210938,200.5800018310547,201.86000061035156,706000
2020-12-23,202.8000030517578,203.44000244140625,199.92999267578125,201.82000732421875,684500
2020-12-24,202.47000122070312,204.44000244140625,201.49000549316406,202.5,211600
2020-12-28,204.7899932861328,204.7899932861328,200.5500030517578,201.1199951171875,631500
2020-12-29,202.14999389648438,204.86000061035156,200.94000244140625,202.4499969482422,879200
2020-12-30,203.97999572753906,209.25999450683594,202.1699981689453,206.35000610351562,1524100
2020-12-31,207.0,207.97999572753906,206.05999755859375,207.7899932861328,643900
2021-01-04,208.6699981689453,208.6699981689453,199.0399932861328,201.8500061035156,1849900
2021-01-05,202.1100006103516,205.0800018310547,200.1199951171875,204.7400054931641,878000
2021-01-06,202.4499969482422,206.63999938964844,199.8999938964844,201.52999877929688,1140400
2021-01-07,204.38999938964844,208.6100006103516,203.1999969482422,208.00999450683597,944200
2021-01-08,209.07000732421875,211.44000244140625,207.6300048828125,210.42999267578125,899700
2021-01-11,208.47999572753903,209.1300048828125,206.0800018310547,206.5399932861328,839800
2021-01-12,206.82000732421875,207.1300048828125,198.8600006103516,199.1499938964844,1596700
2021-01-13,198.4499969482422,202.38999938964844,197.0,199.5,1281400
2021-01-14,199.16000366210935,201.3500061035156,194.52999877929688,195.47000122070312,1407800
2021-01-15,195.6999969482422,197.9499969482422,191.80999755859372,196.27999877929688,1688200
2021-01-19,195.8500061035156,200.02999877929688,195.25,198.72999572753903,1678900
2021-01-20,201.02999877929688,207.3699951171875,199.83999633789065,207.0500030517578,1727100
2021-01-21,207.42999267578125,208.72000122070312,203.4199981689453,205.55999755859372,890000
2021-01-22,204.9199981689453,206.6999969482422,202.7899932861328,204.66000366210935,906600
2021-01-25,207.7700042724609,208.7100067138672,201.6699981689453,203.9900054931641,787400
2021-01-26,203.7700042724609,204.0800018310547,199.2899932861328,199.77999877929688,856000
2021-01-27,200.27999877929688,201.07000732421875,193.75,195.3800048828125,1284900
2021-01-28,195.47999572753903,203.0,195.47999572753903,200.3000030517578,1160800
2021-01-29,198.83999633789065,204.2400054931641,198.6100006103516,200.4499969482422,1000100
2021-02-01,201.7899932861328,203.91000366210935,198.9499969482422,200.94000244140625,1067900
2021-02-02,203.5399932861328,208.1499938964844,201.30999755859372,207.1100006103516,1122300
2021-02-03,207.5500030517578,207.6699981689453,201.8000030517578,202.3999938964844,867000
2021-02-04,202.7100067138672,205.55999755859372,200.75,201.4900054931641,813200
2021-02-05,206.2700042724609,211.3999938964844,205.6100006103516,207.4900054931641,1586600
2021-02-08,210.47999572753903,214.91000366210935,209.44000244140625,213.33999633789065,3019400
2021-02-09,202.69000244140625,203.8600006103516,197.6499938964844,200.30999755859372,5866000
2021-02-10,202.50999450683597,203.75,198.5,199.82000732421875,2599400
2021-02-11,201.69000244140625,201.72999572753903,196.0,197.1199951171875,1443000
2021-02-12,196.5,200.27999877929688,194.72000122070312,199.8600006103516,1264800
2021-02-16,200.72999572753903,201.0,194.4499969482422,195.7899932861328,1534200
2021-02-17,194.6300048828125,196.1699981689453,191.1000061035156,195.92999267578125,1066800
2021-02-18,192.63999938964844,196.7700042724609,192.55999755859372,196.22999572753903,808700
2021-02-19,197.9499969482422,198.1300048828125,193.7700042724609,194.8600006103516,1087800
2021-02-22,191.6199951171875,195.3999938964844,189.5200042724609,189.8500061035156,1705400
2021-02-23,184.0500030517578,187.13999938964844,181.1100006103516,185.9499969482422,2062400
2021-02-24,184.8000030517578,187.42999267578125,182.3800048828125,186.9900054931641,1218900
2021-02-25,186.38999938964844,188.5,181.92999267578125,184.67999267578125,1217400
2021-02-26,185.3800048828125,186.9900054931641,182.3800048828125,184.4600067138672,1476400
2021-03-01,186.0,188.1999969482422,185.1699981689453,187.4499969482422,671300
2021-03-02,188.4499969482422,190.80999755859372,186.30999755859372,188.1699981689453,1086900
2021-03-03,188.1999969482422,188.1999969482422,179.11000061035156,180.1499938964844,1178200
2021-03-04,178.97999572753906,180.72000122070312,170.27999877929688,174.02999877929688,1624900
2021-03-05,173.27999877929688,173.83999633789062,168.33999633789062,170.80999755859375,2226400
2021-03-08,170.17999267578125,171.2100067138672,161.3300018310547,161.6199951171875,2608600
2021-03-09,169.0,169.89999389648438,166.6699981689453,168.57000732421875,1972300
2021-03-10,170.33999633789062,171.39999389648438,163.0,164.82000732421875,1194600
2021-03-11,168.94000244140625,171.52000427246094,167.8000030517578,170.61000061035156,1021800
2021-03-12,169.13999938964844,170.63999938964844,166.38999938964844,170.25,642100
2021-03-15,171.77000427246094,171.77000427246094,167.9199981689453,169.1699981689453,827700
2021-03-16,172.0,174.52000427246094,169.75,173.00999450683594,1716600
2021-03-17,171.4499969482422,171.80999755859375,165.5,168.91000366210938,1611700
2021-03-18,167.88999938964844,170.4199981689453,166.55999755859375,167.22000122070312,2264300
2021-03-19,169.1699981689453,171.49000549316406,168.0800018310547,169.74000549316406,1804500
2021-03-22,171.2899932861328,173.39999389648438,170.8699951171875,171.8800048828125,1127400
2021-03-23,172.3300018310547,177.0800018310547,171.55999755859375,173.85000610351562,1622700
2021-03-24,174.49000549316406,174.49000549316406,169.3300018310547,170.25999450683594,1126400
2021-03-25,169.58999633789062,170.49000549316406,167.11000061035156,169.7899932861328,806000
2021-03-26,169.2100067138672,174.38999938964844,168.75999450683594,174.2899932861328,1066000
2021-03-29,173.1199951171875,177.47999572753906,172.80999755859375,176.2899932861328,1208600
2021-03-30,176.1699981689453,177.3699951171875,174.86000061035156,177.08999633789062,2053200
2021-03-31,177.38999938964844,178.49000549316406,176.50999450683594,176.6999969482422,1134100
2021-04-01,177.72999572753906,180.42999267578125,177.67999267578125,180.1499938964844,1211600
2021-04-05,180.58999633789065,184.33999633789065,178.77000427246094,183.3800048828125,1330100
2021-04-06,183.30999755859372,185.2899932861328,182.77999877929688,184.0,1198100
2021-04-07,184.0800018310547,185.05999755859372,182.50999450683597,183.6499938964844,875800
2021-04-08,185.75999450683597,186.2100067138672,182.1300048828125,183.6000061035156,1020300
2021-04-09,183.57000732421875,184.47999572753903,180.5500030517578,184.0200042724609,850900
2021-04-12,182.3500061035156,182.9499969482422,180.6999969482422,182.75999450683597,861700
2021-04-13,184.3699951171875,185.6300048828125,181.63999938964844,182.66000366210935,1041800
2021-04-14,183.6300048828125,184.8300018310547,180.7899932861328,181.44000244140625,841200
2021-04-15,181.1100006103516,183.2100067138672,180.5,182.5,857000
2021-04-16,182.75,182.75,177.6699981689453,178.8000030517578,1137200
2021-04-19,178.25,179.50999450683594,176.11000061035156,177.91000366210938,873700
2021-04-20,178.57000732421875,178.57000732421875,175.89999389648438,177.89999389648438,865100
2021-04-21,176.61000061035156,177.17999267578125,174.0500030517578,176.4499969482422,1269300
2021-04-22,176.3699951171875,179.6999969482422,176.3699951171875,178.3800048828125,993200
2021-04-23,178.35000610351562,179.4600067138672,174.75999450683594,176.19000244140625,1125200
2021-04-26,175.47999572753906,177.49000549316406,174.6300048828125,176.42999267578125,759600
2021-04-27,176.80999755859375,177.36000061035156,173.3800048828125,174.27999877929688,1067600
2021-04-28,175.77999877929688,176.1199951171875,173.32000732421875,174.3800048828125,1150400
2021-04-29,175.3000030517578,176.7899932861328,174.11000061035156,176.47000122070312,940200
2021-04-30,174.52999877929688,176.44000244140625,174.11000061035156,175.3800048828125,672100
2021-05-03,175.3000030517578,176.2899932861328,169.91000366210938,170.3000030517578,1198300
2021-05-04,168.35000610351562,169.3300018310547,164.2100067138672,167.52999877929688,1469500
2021-05-05,168.1999969482422,171.32000732421875,167.0,167.47000122070312,1084000
2021-05-06,166.74000549316406,168.97999572753906,166.10000610351562,168.63999938964844,1081200
2021-05-07,170.22999572753906,171.49000549316406,169.08999633789062,170.07000732421875,822200
2021-05-10,169.4600067138672,171.42999267578125,166.9199981689453,169.02000427246094,1274600
2021-05-11,166.47000122070312,169.25,166.47000122070312,167.99000549316406,1176300
2021-05-12,166.5800018310547,167.47999572753906,162.35000610351562,164.25999450683594,1038600
2021-05-13,164.0800018310547,165.49000549316406,161.6999969482422,162.74000549316406,813100
2021-05-14,164.8000030517578,167.41000366210938,163.52999877929688,166.99000549316406,1524000
2021-05-17,166.1199951171875,169.0500030517578,165.6699981689453,168.22000122070312,1289700
2021-05-18,168.6699981689453,171.4199981689453,166.72000122070312,167.69000244140625,3687000
2021-05-19,171.0,179.89999389648438,170.7899932861328,179.35000610351562,4221600
2021-05-20,179.9499969482422,188.33999633789065,179.60000610351562,185.0800018310547,2254100
2021-05-21,185.83999633789065,187.47999572753903,184.1699981689453,184.3600006103516,1365400
2021-05-24,184.3600006103516,186.8000030517578,184.25,185.0200042724609,1015100
2021-05-25,186.0,186.3300018310547,183.5500030517578,184.6199951171875,807500
2021-05-26,185.47999572753903,188.3600006103516,184.6000061035156,185.6699981689453,816900
2021-05-27,184.75,187.16000366210935,183.5800018310547,186.47999572753903,1549500
2021-05-28,186.27999877929688,187.67999267578125,185.2899932861328,185.55999755859372,753500
2021-06-01,186.8300018310547,187.2400054931641,182.52999877929688,182.75999450683597,1127800
2021-06-02,181.05999755859372,182.50999450683597,176.0399932861328,176.91000366210938,1732500
2021-06-03,178.50999450683594,179.86000061035156,176.52999877929688,177.72999572753906,1268300
2021-06-04,178.5399932861328,184.94000244140625,178.11000061035156,184.4499969482422,1321400
2021-06-07,183.3800048828125,185.42999267578125,183.3800048828125,184.25999450683597,1396800
2021-06-08,184.92999267578125,186.58999633789065,184.3699951171875,184.8300018310547,891900
2021-06-09,184.94000244140625,186.6499938964844,182.8999938964844,183.58999633789065,942600
2021-06-10,183.41000366210935,185.4199981689453,182.6100006103516,184.97000122070312,913900
2021-06-11,184.7700042724609,186.63999938964844,183.94000244140625,186.4199981689453,660800
2021-06-14,186.5,187.8999938964844,185.4600067138672,186.75,853700
2021-06-15,186.3500061035156,186.41000366210935,178.0399932861328,178.60000610351562,1497900
2021-06-16,177.0,177.52999877929688,168.9600067138672,171.64999389648438,3117400
2021-06-17,170.80999755859375,173.44000244140625,169.92999267578125,170.5,1400900
2021-06-18,170.85000610351562,172.0,168.67999267578125,171.27999877929688,1601600
2021-06-21,171.85000610351562,174.32000732421875,169.44000244140625,173.47000122070312,1290100
2021-06-22,173.72999572753906,175.25,172.92999267578125,174.22999572753906,1083100
2021-06-23,173.7899932861328,173.8699951171875,170.1300048828125,171.8800048828125,1300200
2021-06-24,174.27000427246094,175.97999572753906,173.6999969482422,175.05999755859375,1375100
2021-06-25,175.49000549316406,176.10000610351562,173.38999938964844,173.82000732421875,3315200
2021-06-28,175.25999450683594,178.9499969482422,174.97000122070312,178.08999633789062,1525400
2021-06-29,178.00999450683594,179.0500030517578,176.16000366210938,178.10000610351562,818100
2021-06-30,177.8000030517578,178.77999877929688,176.35000610351562,177.02000427246094,1013600
2021-07-01,177.52999877929688,179.83999633789062,176.61000061035156,178.97000122070312,1052500
2021-07-02,180.3000030517578,180.97000122070312,176.02999877929688,177.3000030517578,737800
2021-07-06,177.39999389648438,177.83999633789062,171.6300048828125,174.07000732421875,1176400
2021-07-07,174.3699951171875,175.05999755859375,172.63999938964844,173.69000244140625,712700
2021-07-08,171.39999389648438,171.8300018310547,170.0800018310547,170.6699981689453,940500
2021-07-09,170.6699981689453,171.1699981689453,169.17999267578125,170.3699951171875,917400
2021-07-12,172.3699951171875,173.47999572753906,171.47999572753906,172.10000610351562,875300
2021-07-13,172.5800018310547,175.25,172.08999633789062,173.5500030517578,1207200
2021-07-14,173.8699951171875,174.5500030517578,170.02000427246094,171.8800048828125,692600
2021-07-15,171.66000366210938,171.72000122070312,167.05999755859375,168.24000549316406,1030200
2021-07-16,168.25999450683594,170.89999389648438,168.25999450683594,170.52000427246094,899800
2021-07-19,169.94000244140625,172.22999572753906,166.61000061035156,168.9600067138672,2109700
2021-07-20,170.91000366210938,171.10000610351562,167.97000122070312,170.02000427246094,861600
2021-07-21,170.47000122070312,171.57000732421875,170.13999938964844,170.89999389648438,903400
2021-07-22,170.67999267578125,171.58999633789062,169.1999969482422,171.27999877929688,606200
2021-07-23,171.14999389648438,174.08999633789062,169.27000427246094,173.2899932861328,1253500
2021-07-26,173.6999969482422,173.6999969482422,171.1199951171875,172.89999389648438,816900
2021-07-27,172.83999633789062,173.25999450683594,164.6300048828125,167.5,1481500
2021-07-28,168.64999389648438,173.11000061035156,168.1699981689453,171.27999877929688,1153300
2021-07-29,171.1999969482422,172.99000549316406,168.85000610351562,169.99000549316406,1037500
2021-07-30,168.97000122070312,174.1999969482422,168.5800018310547,173.4199981689453,1940700
2021-08-02,175.6699981689453,176.82000732421875,173.00999450683594,173.2100067138672,2372600
2021-08-03,162.99000549316406,162.99000549316406,155.39999389648438,159.86000061035156,5935500
2021-08-04,161.0800018310547,163.6199951171875,158.13999938964844,158.75,2136400
2021-08-05,158.8300018310547,159.07000732421875,155.7100067138672,156.77999877929688,2643200
2021-08-06,156.30999755859375,159.77999877929688,156.02999877929688,158.3000030517578,2279900
2021-08-09,158.27999877929688,161.60000610351562,158.22999572753906,160.57000732421875,1145400
2021-08-10,160.55999755859375,161.16000366210938,159.08999633789062,159.67999267578125,1113500
2021-08-11,161.1300048828125,161.2899932861328,158.75999450683594,159.92999267578125,1068600
2021-08-12,158.75,160.8699951171875,158.27999877929688,160.3699951171875,1116400
2021-08-13,161.05999755859375,162.66000366210938,159.9600067138672,160.35000610351562,926100
2021-08-16,159.14999389648438,160.60000610351562,158.97999572753906,160.35000610351562,816000
2021-08-17,159.3699951171875,163.6300048828125,158.4499969482422,163.47000122070312,1311500
2021-08-18,163.64999389648438,164.8699951171875,161.5500030517578,161.6199951171875,1164100
2021-08-19,161.38999938964844,163.7899932861328,160.75999450683594,162.27000427246094,767300
2021-08-20,161.97999572753906,163.69000244140625,159.41000366210938,160.9600067138672,1040400
2021-08-23,161.1199951171875,163.92999267578125,160.42999267578125,163.36000061035156,782400
2021-08-24,164.16000366210938,164.55999755859375,163.1199951171875,163.82000732421875,677600
2021-08-25,164.07000732421875,164.6199951171875,160.5,160.66000366210938,893400
2021-08-26,160.6199951171875,160.9600067138672,158.55999755859375,158.8800048828125,916300
2021-08-27,159.33999633789062,161.3000030517578,158.6699981689453,160.02999877929688,1524900
2021-08-30,158.99000549316406,159.57000732421875,156.6199951171875,158.13999938964844,1106200
2021-08-31,158.8300018310547,161.99000549316406,158.25,161.22000122070312,1257500
2021-09-01,162.35000610351562,163.42999267578125,160.14999389648438,161.92999267578125,878700
2021-09-02,162.5500030517578,163.69000244140625,161.6300048828125,162.02999877929688,730500
2021-09-03,161.72000122070312,162.1300048828125,160.35000610351562,160.55999755859375,559500
2021-09-07,160.6999969482422,161.0399932861328,158.08999633789062,159.11000061035156,795300
2021-09-08,159.36000061035156,160.17999267578125,157.57000732421875,159.4499969482422,605600
2021-09-09,158.27000427246094,158.8800048828125,156.6999969482422,157.02999877929688,833700
2021-09-10,153.10000610351562,156.0,151.7100067138672,153.94000244140625,2895700
2021-09-13,154.6300048828125,156.39999389648438,152.27999877929688,152.92999267578125,1144800
2021-09-14,152.5399932861328,153.5399932861328,151.38999938964844,152.14999389648438,1350900
2021-09-15,152.13999938964844,153.85000610351562,150.41000366210938,152.69000244140625,1080600
2021-09-16,152.11000061035156,153.2100067138672,151.32000732421875,151.88999938964844,863000
2021-09-17,149.49000549316406,151.99000549316406,148.8699951171875,151.66000366210938,2074700
2021-09-20,150.32000732421875,151.9499969482422,147.1199951171875,148.83999633789062,1030400
2021-09-21,149.19000244140625,149.22000122070312,145.60000610351562,145.72000122070312,1040600
2021-09-22,145.91000366210938,147.10000610351562,144.5800018310547,145.25,1650600
2021-09-23,147.52999877929688,149.2100067138672,145.75,146.67999267578125,1180500
2021-09-24,146.52000427246094,148.07000732421875,145.77000427246094,147.36000061035156,1023800
2021-09-27,146.8800048828125,148.8699951171875,145.4199981689453,148.64999389648438,1048800
2021-09-28,148.2899932861328,152.14999389648438,148.16000366210938,149.11000061035156,1867100
2021-09-29,148.74000549316406,152.6999969482422,148.5,151.60000610351562,1429000
2021-09-30,152.72000122070312,155.36000061035156,152.49000549316406,154.07000732421875,1480300
2021-10-01,154.3800048828125,160.02999877929688,151.86000061035156,158.5399932861328,1868500
2021-10-04,157.72000122070312,157.91000366210938,155.41000366210938,157.1300048828125,991900
2021-10-05,157.17999267578125,162.27999877929688,156.97999572753906,162.02000427246094,1712200
2021-10-06,161.52999877929688,166.27999877929688,160.47000122070312,165.44000244140625,2267600
2021-10-07,166.10000610351562,172.22999572753906,165.9499969482422,170.77000427246094,1926900
2021-10-08,171.36000061035156,175.5500030517578,169.1199951171875,173.69000244140625,1824800
2021-10-11,173.32000732421875,173.9199981689453,169.77999877929688,170.72000122070312,1137500
2021-10-12,171.27000427246094,172.41000366210938,170.08999633789062,171.35000610351562,652300
2021-10-13,171.5800018310547,172.33999633789062,170.24000549316406,170.60000610351562,940700
2021-10-14,171.1699981689453,172.10000610351562,168.4600067138672,169.3800048828125,933300
2021-10-15,169.5399932861328,172.6999969482422,169.02000427246094,170.55999755859375,1057500
2021-10-18,170.5399932861328,172.94000244140625,169.3800048828125,171.75,607400
2021-10-19,172.3800048828125,173.80999755859375,171.0800018310547,172.0399932861328,925700
2021-10-20,172.69000244140625,174.8699951171875,171.52000427246094,173.5,628700
2021-10-21,173.92999267578125,182.7400054931641,173.0800018310547,182.05999755859372,1949000
2021-10-22,181.75999450683597,182.5,178.52000427246094,180.75,1207000
2021-10-25,180.3300018310547,183.1300048828125,179.07000732421875,182.9900054931641,806300
2021-10-26,183.4600067138672,184.7400054931641,181.1300048828125,182.5399932861328,761000
2021-10-27,182.66000366210935,183.92999267578125,180.02000427246094,180.91000366210935,887300
2021-10-28,180.25999450683597,187.1300048828125,177.5,181.1100006103516,1628700
2021-10-29,181.3500061035156,184.47000122070312,179.74000549316406,181.0,1075600
2021-11-01,181.50999450683597,185.22000122070312,181.22000122070312,183.8000030517578,1518500
2021-11-02,183.0,184.3800048828125,181.6000061035156,183.94000244140625,1083200
2021-11-03,181.2100067138672,184.7899932861328,179.60000610351562,184.16000366210935,1692000
2021-11-04,189.00999450683597,193.33999633789065,186.4199981689453,192.91000366210935,2941600
2021-11-05,192.25999450683597,195.8300018310547,185.6699981689453,187.1999969482422,1736100
2021-11-08,187.5,187.5500030517578,181.67999267578125,185.13999938964844,1219200
2021-11-09,186.9900054931641,189.88999938964844,185.9199981689453,186.80999755859372,873600
2021-11-10,186.2899932861328,186.2899932861328,181.07000732421875,182.75,1021900
2021-11-11,183.19000244140625,186.44000244140625,182.58999633789065,185.7100067138672,775000
2021-11-12,185.6300048828125,189.50999450683597,183.4499969482422,187.8300018310547,1116000
2021-11-15,185.19000244140625,185.19000244140625,174.82000732421875,177.60000610351562,2128200
2021-11-16,177.80999755859375,181.4499969482422,177.60000610351562,179.69000244140625,1441600
2021-11-17,178.99000549316406,180.5200042724609,176.27999877929688,177.0399932861328,1490000
2021-11-18,176.91000366210938,176.99000549316406,171.44000244140625,174.0,1562600
2021-11-19,175.82000732421875,177.13999938964844,170.27000427246094,170.5,1651600
2021-11-22,170.25999450683594,170.52000427246094,164.22000122070312,164.91000366210938,1660400
2021-11-23,164.27000427246094,166.91000366210938,162.2100067138672,165.1300048828125,1172300
2021-11-24,164.5,165.16000366210938,162.47000122070312,164.30999755859375,858400
2021-11-26,166.6999969482422,171.7899932861328,166.2899932861328,169.66000366210938,1308100
2021-11-29,168.72000122070312,171.4499969482422,164.55999755859375,169.60000610351562,1153400
2021-11-30,170.14999389648438,171.77000427246094,165.38999938964844,165.8800048828125,2341500
2021-12-01,165.8000030517578,168.42999267578125,160.22999572753906,160.35000610351562,824000
2021-12-02,159.5399932861328,163.74000549316406,159.5,161.3800048828125,1215200
2021-12-03,161.47999572753906,165.99000549316406,159.82000732421875,165.77999877929688,1344300
2021-12-06,165.5,165.69000244140625,162.1999969482422,164.39999389648438,969500
2021-12-07,166.36000061035156,168.91000366210938,165.5,167.2899932861328,1067900
2021-12-08,166.91000366210938,171.0800018310547,165.55999755859375,170.5500030517578,1082500
2021-12-09,170.75999450683594,173.1999969482422,165.1199951171875,166.3800048828125,845700
2021-12-10,166.3800048828125,167.02999877929688,163.35000610351562,165.60000610351562,632600
2021-12-13,165.60000610351562,166.69000244140625,164.00999450683594,166.25999450683594,768800
2021-12-14,164.36000061035156,167.75999450683594,163.47999572753906,167.6300048828125,676600
2021-12-15,167.6300048828125,171.52000427246094,165.72000122070312,171.14999389648438,839800
2021-12-16,171.14999389648438,174.08999633789062,169.1999969482422,172.74000549316406,1106400
2021-12-17,171.9499969482422,178.44000244140625,171.4600067138672,175.74000549316406,2879300
2021-12-20,174.6999969482422,179.0399932861328,173.61000061035156,178.35000610351562,1107200
2021-12-21,178.24000549316406,179.97000122070312,176.44000244140625,179.44000244140625,869900
2021-12-22,179.7899932861328,180.3699951171875,176.38999938964844,177.6199951171875,1078800
2021-12-23,177.94000244140625,178.50999450683594,176.36000061035156,177.9600067138672,621300
2021-12-27,178.02999877929688,179.69000244140625,177.35000610351562,179.55999755859375,582500
2021-12-28,179.74000549316406,181.82000732421875,178.44000244140625,179.38999938964844,600800
2021-12-29,179.77999877929688,180.33999633789065,178.50999450683594,180.3000030517578,514900
2021-12-30,180.3500061035156,181.75,179.61000061035156,180.8300018310547,665000
2021-12-31,180.5200042724609,181.67999267578125,177.3800048828125,177.72000122070312,858700
2022-01-03,176.83999633789062,178.9199981689453,173.5500030517578,178.61000061035156,1335400
2022-01-04,177.92999267578125,182.25,175.25999450683594,181.8999938964844,1242500
2022-01-05,181.6300048828125,181.6300048828125,171.52999877929688,171.85000610351562,1701100
2022-01-06,169.4600067138672,172.0,164.3699951171875,164.61000061035156,1430300
2022-01-07,162.7899932861328,165.67999267578125,161.60000610351562,164.60000610351562,941500
2022-01-10,147.5,150.60000610351562,138.19000244140625,142.99000549316406,9883100
2022-01-11,141.2899932861328,149.25,141.2899932861328,148.4199981689453,7451600
2022-01-12,149.64999389648438,157.6699981689453,149.52000427246094,156.05999755859375,4328300
2022-01-13,156.50999450683594,156.58999633789062,154.02999877929688,154.8300018310547,2860900
2022-01-14,154.19000244140625,154.4600067138672,149.41000366210938,152.5800018310547,2748900
2022-01-18,157.36000061035156,160.85000610351562,152.7899932861328,154.0399932861328,5849200
2022-01-19,155.5,167.9499969482422,155.1999969482422,163.36000061035156,4733800
2022-01-20,164.58999633789062,168.97999572753906,163.35000610351562,164.4600067138672,2231700
2022-01-21,164.4600067138672,169.0800018310547,163.5,164.75999450683594,2760000
2022-01-24,162.86000061035156,165.19000244140625,157.39999389648438,164.99000549316406,2750700
2022-01-25,161.99000549316406,164.8699951171875,158.2899932861328,158.38999938964844,1455600
2022-01-26,159.1699981689453,160.25,156.55999755859375,157.9199981689453,2871400
2022-01-27,158.8000030517578,159.0500030517578,155.05999755859375,157.25,2368400
2022-01-28,158.5399932861328,159.27000427246094,154.25999450683594,158.74000549316406,3444700
2022-01-31,160.0,169.99000549316406,158.47999572753906,163.33999633789062,3401300
2022-02-01,163.9600067138672,164.27000427246094,158.10000610351562,160.25,1554800
2022-02-02,159.6699981689453,165.97000122070312,158.38999938964844,165.0500030517578,2078500
2022-02-03,162.9499969482422,165.86000061035156,162.08999633789062,163.02000427246094,1602400
2022-02-04,161.77999877929688,175.63999938964844,159.22999572753906,175.0,5633200
2022-02-07,175.0,176.61000061035156,173.57000732421875,175.10000610351562,3472500
2022-02-08,169.9499969482422,178.5,169.60000610351562,172.1999969482422,3850900
2022-02-09,173.47999572753906,173.6199951171875,168.91000366210938,172.33999633789062,1692700
2022-02-10,170.25,177.7100067138672,169.47999572753906,173.14999389648438,1534500
2022-02-11,173.4199981689453,174.75999450683594,170.6999969482422,171.47999572753906,1360500
2022-02-14,171.7899932861328,171.86000061035156,167.00999450683594,167.07000732421875,1181900
2022-02-15,167.7100067138672,170.77000427246094,167.33999633789062,168.92999267578125,1813400
2022-02-16,168.25,168.25,162.94000244140625,166.08999633789062,2482900
2022-02-17,165.25999450683594,166.14999389648438,161.8800048828125,162.1300048828125,1494400
2022-02-18,162.3300018310547,162.92999267578125,158.35000610351562,158.5,1591600
2022-02-22,157.57000732421875,160.17999267578125,157.5399932861328,158.27999877929688,1480900
2022-02-23,158.94000244140625,161.10000610351562,157.66000366210938,157.82000732421875,1738200
2022-02-24,154.5500030517578,163.38999938964844,153.97000122070312,163.3800048828125,1678300
2022-02-25,165.24000549316406,166.3800048828125,161.13999938964844,165.27999877929688,1557900
2022-02-28,163.52999877929688,165.08999633789062,160.8699951171875,162.0,2114100
2022-03-01,163.35000610351562,164.0,158.0,159.8000030517578,1446900
2022-03-02,160.4199981689453,161.63999938964844,159.6300048828125,160.86000061035156,1561300
2022-03-03,161.44000244140625,161.44000244140625,157.27999877929688,158.1999969482422,1583800
2022-03-04,158.7100067138672,158.99000549316406,155.39999389648438,158.00999450683594,3267600
2022-03-07,158.0,162.39999389648438,157.11000061035156,158.0,2015500
2022-03-08,158.22999572753906,158.5,152.97999572753906,156.10000610351562,2469200
2022-03-09,158.0,161.22000122070312,157.5399932861328,158.32000732421875,1322200
2022-03-10,157.1199951171875,158.52000427246094,155.50999450683594,158.2899932861328,1828400
2022-03-11,158.74000549316406,158.99000549316406,153.47000122070312,153.49000549316406,965300
2022-03-14,153.0,153.1199951171875,141.60000610351562,141.82000732421875,4480100
2022-03-15,140.9499969482422,143.80999755859375,133.5399932861328,142.8800048828125,3258800
2022-03-16,143.57000732421875,148.80999755859375,141.9499969482422,148.7899932861328,2097300
2022-03-17,148.38999938964844,150.05999755859375,145.0800018310547,149.50999450683594,1534800
2022-03-18,149.41000366210938,153.1999969482422,147.92999267578125,151.3699951171875,1889400
2022-03-21,150.22000122070312,152.82000732421875,149.47000122070312,151.22000122070312,1335400
2022-03-22,151.44000244140625,154.47999572753906,150.6199951171875,152.2899932861328,1485600
2022-03-23,150.82000732421875,152.52999877929688,149.0800018310547,149.39999389648438,1295500
2022-03-24,150.38999938964844,150.67999267578125,148.6999969482422,150.5,1038200
2022-03-25,150.36000061035156,154.5399932861328,148.50999450683594,154.5,1589000
2022-03-28,154.66000366210938,156.91000366210938,153.82000732421875,156.5,1376000
2022-03-29,158.14999389648438,159.5,156.49000549316406,158.57000732421875,1395700
2022-03-30,157.32000732421875,159.50999450683594,155.55999755859375,156.05999755859375,1462300
2022-03-31,156.08999633789062,157.6999969482422,153.66000366210938,153.74000549316406,1284900
2022-04-01,153.7899932861328,154.85000610351562,151.07000732421875,151.8800048828125,1152800
2022-04-04,152.1699981689453,155.83999633789062,151.6300048828125,154.42999267578125,1268000
2022-04-05,154.42999267578125,157.08999633789062,150.9199981689453,151.89999389648438,1134900
2022-04-06,150.4199981689453,152.0,144.89999389648438,147.1999969482422,2461000
2022-04-07,147.2899932861328,147.89999389648438,142.00999450683594,143.39999389648438,1941000
2022-04-08,142.8300018310547,144.10000610351562,140.13999938964844,141.30999755859375,1537300
2022-04-11,140.1300048828125,143.69000244140625,140.11000061035156,140.52999877929688,1298100
2022-04-12,141.25,142.67999267578125,137.9600067138672,138.36000061035156,1726500
2022-04-13,137.8699951171875,139.91000366210938,136.27999877929688,138.99000549316406,1541800
2022-04-14,138.8800048828125,139.89999389648438,137.24000549316406,137.9600067138672,1357700
2022-04-18,137.3300018310547,137.5500030517578,133.89999389648438,135.6999969482422,1478400
2022-04-19,134.5399932861328,140.69000244140625,134.49000549316406,140.3699951171875,2485900
2022-04-20,140.1300048828125,140.35000610351562,137.0500030517578,137.33999633789062,1339700
2022-04-21,137.6300048828125,138.66000366210938,131.3699951171875,131.52999877929688,1608400
2022-04-22,132.1300048828125,136.8300018310547,131.44000244140625,136.41000366210938,3813700
2022-04-25,135.92999267578125,136.4600067138672,131.39999389648438,132.9600067138672,1895000
2022-04-26,131.86000061035156,132.36000061035156,124.87999725341795,125.01000213623048,3105500
2022-04-27,124.62000274658205,125.98999786376952,121.51000213623048,121.6500015258789,2595300
2022-04-28,123.19000244140624,123.87000274658205,120.27999877929688,123.2300033569336,2609700
2022-04-29,123.19000244140624,125.3000030517578,119.12000274658205,119.51000213623048,1595500
2022-05-02,120.22000122070312,121.98999786376952,117.83999633789062,121.94000244140624,1456800
2022-05-03,121.04000091552734,123.61000061035156,120.48999786376952,121.3499984741211,1432300
2022-05-04,122.62000274658205,124.95999908447266,120.13999938964844,124.76000213623048,1540200
2022-05-05,122.7300033569336,124.02999877929688,118.30999755859376,120.2300033569336,1796200
2022-05-06,119.62999725341795,119.9000015258789,113.4499969482422,114.2699966430664,2498700
2022-05-09,111.73999786376952,113.18000030517578,105.01000213623048,106.1500015258789,4311300
2022-05-10,107.58000183105467,108.30999755859376,101.8499984741211,103.58999633789062,5099900
2022-05-11,103.23999786376952,110.33000183105467,102.4000015258789,105.26000213623048,3931800
2022-05-12,103.16999816894533,108.0,102.16000366210938,106.20999908447266,2926700
2022-05-13,107.62999725341795,111.26000213623048,107.1500015258789,109.93000030517578,3222700
2022-05-16,109.80999755859376,112.04000091552734,108.55999755859376,110.11000061035156,4691200
2022-05-17,119.87999725341795,124.58999633789062,117.63999938964844,123.08000183105467,8128000
2022-05-18,121.27999877929688,125.6999969482422,120.68000030517578,123.0500030517578,4142700
2022-05-19,122.41000366210938,127.0,119.66999816894533,119.76000213623048,5006400
2022-05-20,120.88999938964844,121.81999969482422,114.91999816894533,116.12000274658205,19700700
2022-05-23,115.01000213623048,124.25,114.25,123.62000274658205,7573700
2022-05-24,122.4499969482422,125.25,121.2300033569336,122.69000244140624,5057200
2022-05-25,121.62999725341795,123.3000030517578,118.48999786376952,122.08000183105467,3580600
2022-05-26,122.37999725341795,123.63999938964844,120.87999725341795,123.27999877929688,3394600
2022-05-27,123.5999984741211,127.56999969482422,123.55999755859376,125.77999877929688,3540000
2022-05-31,127.36000061035156,128.0399932861328,123.5999984741211,124.52999877929688,3868100
2022-06-01,125.86000061035156,126.08000183105467,122.58999633789062,124.62999725341795,2051800
2022-06-02,124.48999786376952,130.36000061035156,124.0500030517578,129.0500030517578,2453300
2022-06-03,126.97000122070312,129.0,126.63999938964844,126.97000122070312,1688300
2022-06-06,127.87000274658205,128.36000061035156,126.52999877929688,126.98999786376952,1971500
2022-06-07,125.58000183105467,134.82000732421875,125.51000213623048,131.64999389648438,2697500
2022-06-08,132.0,133.99000549316406,130.25999450683594,131.39999389648438,1559300
2022-06-09,131.39999389648438,133.69000244140625,129.1199951171875,129.22999572753906,2966200
2022-06-10,126.5,128.74000549316406,124.93000030517578,127.9499969482422,2465400
2022-06-13,125.7699966430664,127.5199966430664,122.66000366210938,123.19000244140624,3097300
2022-06-14,124.20999908447266,124.76000213623048,120.4800033569336,121.41000366210938,2039000
2022-06-15,122.1500015258789,127.83999633789062,121.83999633789062,126.16000366210938,2361100
2022-06-16,123.91999816894533,125.63999938964844,122.08999633789062,124.9000015258789,2072500
2022-06-17,125.5,128.0,123.62000274658205,125.80999755859376,3398400
2022-06-21,125.29000091552734,129.0,124.87000274658205,128.77999877929688,2854900
2022-06-22,127.9499969482422,130.4499969482422,127.58999633789062,128.60000610351562,1524400
2022-06-23,130.0500030517578,131.58999633789062,128.32000732421875,130.0500030517578,1656400
2022-06-24,130.66000366210938,134.1699981689453,130.60000610351562,133.6199951171875,4585800
2022-06-27,132.5,133.60000610351562,127.93000030517578,129.2100067138672,2490000
2022-06-28,129.99000549316406,131.3800048828125,126.0500030517578,126.18000030517578,1705700
2022-06-29,125.5500030517578,125.98999786376952,123.27999877929688,125.52999877929688,1697300
2022-06-30,124.1999969482422,124.66999816894533,121.0500030517578,122.52999877929688,1679900
2022-07-01,122.77999877929688,125.04000091552734,121.7300033569336,124.86000061035156,1003500
2022-07-05,123.37000274658205,127.94000244140624,121.95999908447266,127.04000091552734,1783500
2022-07-06,127.2699966430664,127.72000122070312,124.9000015258789,125.62000274658205,966900
2022-07-07,125.23999786376952,127.52999877929688,124.1999969482422,126.81999969482422,1463400
2022-07-08,126.1999969482422,126.70999908447266,123.1999969482422,124.93000030517578,2048600
2022-07-11,124.68000030517578,125.0,122.11000061035156,122.6999969482422,1254200
2022-07-12,122.56999969482422,124.04000091552734,120.98999786376952,121.98999786376952,1279000
2022-07-13,119.93000030517578,122.0,118.55999755859376,121.13999938964844,1550400
2022-07-14,120.31999969482422,122.79000091552734,118.76000213623048,122.73999786376952,2260900
2022-07-15,123.43000030517578,125.0,123.19000244140624,123.8499984741211,1089100
2022-07-18,124.79000091552734,126.54000091552734,122.87000274658205,123.6500015258789,2781700
2022-07-19,125.0199966430664,128.2899932861328,124.06999969482422,126.97000122070312,1483500
2022-07-20,127.37999725341795,130.55999755859375,127.08999633789062,130.00999450683594,1409500
2022-07-21,129.47999572753906,132.35000610351562,129.3699951171875,132.27000427246094,1303600
2022-07-22,131.55999755859375,133.7899932861328,129.97000122070312,130.41000366210938,1104200
2022-07-25,129.89999389648438,131.25999450683594,129.42999267578125,130.77000427246094,1170600
2022-07-26,130.97000122070312,131.88999938964844,130.1999969482422,131.10000610351562,1564100
2022-07-27,130.50999450683594,132.22999572753906,129.55999755859375,130.5800018310547,2203100
2022-07-28,130.5800018310547,132.0500030517578,129.67999267578125,130.35000610351562,2605900
2022-07-29,129.5,132.8800048828125,129.4199981689453,132.72999572753906,1885600
2022-08-01,132.2899932861328,132.4199981689453,126.69000244140624,127.55999755859376,1729200
2022-08-02,126.44000244140624,129.0399932861328,126.1500015258789,126.66000366210938,1488200
2022-08-03,127.4800033569336,129.8800048828125,126.6999969482422,129.80999755859375,1671600
2022-08-04,130.32000732421875,130.3300018310547,126.43000030517578,127.38999938964844,2827700
2022-08-05,125.38999938964844,127.4000015258789,125.27999877929688,127.16000366210938,2121100
2022-08-08,125.87000274658205,130.0,125.08999633789062,125.51000213623048,4477600
2022-08-09,121.1500015258789,124.5,118.02999877929688,120.76000213623048,5966100
2022-08-10,122.08000183105467,124.91000366210938,122.04000091552734,123.79000091552734,3167000
2022-08-11,125.23999786376952,125.38999938964844,120.33999633789062,120.66999816894533,2304300
2022-08-12,121.41999816894533,123.37000274658205,120.31999969482422,123.13999938964844,1842600
2022-08-15,123.27999877929688,129.0399932861328,123.27999877929688,127.38999938964844,2157400
2022-08-16,126.0199966430664,137.42999267578125,126.0199966430664,136.58999633789062,3772600
2022-08-17,134.30999755859375,135.8300018310547,131.66000366210938,133.0,2758200
2022-08-18,132.41000366210938,132.8800048828125,130.2100067138672,130.47000122070312,2723700
2022-08-19,128.8300018310547,129.9499969482422,127.02999877929688,127.73999786376952,1363400
2022-08-22,126.72000122070312,127.58999633789062,124.56999969482422,125.31999969482422,1584200
2022-08-23,124.58000183105467,125.5500030517578,123.45999908447266,124.36000061035156,1172700
2022-08-24,124.61000061035156,125.4000015258789,123.16000366210938,123.3000030517578,1012800
2022-08-25,123.5999984741211,125.4800033569336,123.08999633789062,125.4800033569336,1004800
2022-08-26,128.16000366210938,130.4499969482422,126.9800033569336,127.47000122070312,2724400
2022-08-29,124.54000091552734,126.0500030517578,121.30999755859376,122.9000015258789,1848600
2022-08-30,124.13999938964844,124.51000213623048,121.9499969482422,123.04000091552734,1208600
2022-08-31,124.41999816894533,125.68000030517578,122.23999786376952,122.55999755859376,1739100
2022-09-01,121.01000213623048,121.56999969482422,118.2300033569336,120.72000122070312,1363200
2022-09-02,121.7699966430664,121.7699966430664,118.4000015258789,118.62999725341795,1095400
2022-09-06,118.13999938964844,120.70999908447266,117.25,119.52999877929688,1541800
2022-09-07,118.48999786376952,120.75,117.1999969482422,120.58000183105467,1073900
2022-09-08,119.81999969482422,120.62000274658205,117.7300033569336,120.58000183105467,1434200
2022-09-09,123.63999938964844,127.91999816894533,123.0,127.77999877929688,2058700
2022-09-12,127.77999877929688,130.86000061035156,127.77999877929688,129.5399932861328,1706600
2022-09-13,126.48999786376952,129.25,126.1500015258789,127.0199966430664,1363900
2022-09-14,126.6500015258789,128.80999755859375,126.13999938964844,128.16000366210938,1906900
2022-09-15,127.86000061035156,129.99000549316406,127.61000061035156,128.42999267578125,1412900
2022-09-16,127.5500030517578,127.5500030517578,122.3000030517578,124.19000244140624,2325600
2022-09-19,121.9499969482422,125.56999969482422,120.0500030517578,125.08000183105467,3071500
2022-09-20,123.30999755859376,124.38999938964844,121.5999984741211,121.69000244140624,2181500
2022-09-21,121.69000244140624,122.47000122070312,117.91999816894533,117.91999816894533,1453900
2022-09-22,116.9000015258789,117.5199966430664,114.16000366210938,114.73999786376952,1621700
2022-09-23,113.70999908447266,113.76000213623048,107.37000274658205,110.36000061035156,2724300
2022-09-26,109.75,111.68000030517578,106.54000091552734,109.56999969482422,2500700
2022-09-27,110.66000366210938,112.08000183105467,108.91999816894533,109.9000015258789,1462500
2022-09-28,110.2699966430664,114.69000244140624,109.54000091552734,114.19000244140624,1908700
2022-09-29,112.62999725341795,113.02999877929688,108.4000015258789,108.58000183105467,1854100
2022-09-30,109.52999877929688,111.94000244140624,108.55999755859376,109.0,1664300
2022-10-03,109.7300033569336,113.91000366210938,108.8000030517578,113.36000061035156,1735000
2022-10-04,114.77999877929688,117.16999816894533,114.77999877929688,116.58999633789062,1606500
2022-10-05,115.02999877929688,117.62999725341795,113.9800033569336,117.3000030517578,1316000
2022-10-06,121.0,122.61000061035156,118.79000091552734,121.37999725341795,2837600
2022-10-07,118.75,121.06999969482422,118.56999969482422,120.7300033569336,1507200
2022-10-10,119.83000183105467,120.6500015258789,117.0500030517578,117.93000030517578,1000700
2022-10-11,117.5500030517578,117.5500030517578,111.6500015258789,115.08999633789062,1840200
2022-10-12,116.58999633789062,120.0,115.33999633789062,116.5500030517578,1478800
2022-10-13,113.77999877929688,119.26000213623048,112.5,118.86000061035156,1910900
2022-10-14,120.0500030517578,121.2699966430664,117.69000244140624,117.81999969482422,1375000
2022-10-17,119.63999938964844,120.81999969482422,117.6999969482422,117.88999938964844,1261300
2022-10-18,120.72000122070312,121.93000030517578,119.45999908447266,121.29000091552734,1087700
2022-10-19,119.93000030517578,122.62999725341795,119.33000183105467,122.5,1273600
2022-10-20,123.08000183105467,127.08000183105467,122.5500030517578,123.88999938964844,1435900
2022-10-21,122.86000061035156,125.80999755859376,121.73999786376952,125.5500030517578,1005500
2022-10-24,125.76000213623048,125.80999755859376,120.63999938964844,123.11000061035156,1103600
2022-10-25,123.56999969482422,125.61000061035156,122.7300033569336,125.02999877929688,1309100
2022-10-26,124.02999877929688,126.4000015258789,122.80999755859376,123.62000274658205,1435200
2022-10-27,123.63999938964844,125.31999969482422,121.3499984741211,122.73999786376952,1268800
2022-10-28,122.77999877929688,124.27999877929688,122.23999786376952,124.0199966430664,1388200
2022-10-31,123.37000274658205,123.47000122070312,117.6500015258789,118.4800033569336,2593500
2022-11-01,120.44000244140624,122.73999786376952,115.95999908447266,116.30999755859376,1943700
2022-11-02,115.06999969482422,118.44000244140624,113.3000030517578,113.5500030517578,2104700
2022-11-03,112.08999633789062,113.93000030517578,109.93000030517578,111.3000030517578,1307500
2022-11-04,111.62999725341795,111.9499969482422,107.75,108.52999877929688,2524700
2022-11-07,108.5999984741211,109.38999938964844,106.22000122070312,108.4000015258789,5450700
2022-11-08,91.9000015258789,98.9499969482422,90.0,93.56999969482422,19320500
2022-11-09,93.2699966430664,95.56999969482422,92.76000213623048,94.08999633789062,3967800
2022-11-10,98.41999816894533,99.6500015258789,96.25,98.56999969482422,3100500
2022-11-11,98.9499969482422,104.0500030517578,98.16000366210938,102.25,4107000
2022-11-14,102.23999786376952,103.72000122070312,99.83999633789062,99.87999725341795,2824000
2022-11-15,102.11000061035156,103.16999816894533,99.33000183105467,101.02999877929688,2545800
2022-11-16,100.68000030517578,102.66999816894533,100.12999725341795,100.80999755859376,2506000
2022-11-17,98.01000213623048,100.0199966430664,97.12000274658205,99.66000366210938,1710900
2022-11-18,101.0199966430664,101.0199966430664,98.5,98.7699966430664,1992900
2022-11-21,98.33000183105467,99.0500030517578,96.41999816894533,97.43000030517578,1955100
2022-11-22,97.5199966430664,100.47000122070312,96.0,100.29000091552734,1714200
2022-11-23,100.7300033569336,103.2300033569336,99.58000183105467,103.1500015258789,1170700
2022-11-25,102.47000122070312,103.66999816894533,102.23999786376952,102.62999725341795,939700
2022-11-28,102.38999938964844,103.04000091552734,100.4800033569336,101.26000213623048,1387600
2022-11-29,101.48999786376952,101.97000122070312,100.0999984741211,101.3499984741211,1522700
2022-11-30,101.27999877929688,105.83999633789062,100.13999938964844,105.69000244140624,4514100
2022-12-01,106.20999908447266,107.41999816894533,104.8000030517578,106.4000015258789,1586900
2022-12-02,105.77999877929688,108.87999725341795,105.47000122070312,108.76000213623048,1857800
2022-12-05,108.36000061035156,109.8000030517578,106.4000015258789,106.9800033569336,2042200
2022-12-06,106.37000274658205,107.4000015258789,101.02999877929688,101.2699966430664,2180400
2022-12-07,100.9000015258789,102.37000274658205,98.66999816894533,99.48999786376952,1885700
2022-12-08,99.5,101.29000091552734,98.1999969482422,100.79000091552734,1558500
2022-12-09,100.83000183105467,102.16000366210938,99.41000366210938,102.05999755859376,1656600
2022-12-12,102.41999816894533,103.31999969482422,100.38999938964844,102.61000061035156,1770500
2022-12-13,105.93000030517578,108.94000244140624,102.16000366210938,104.5500030517578,2530700
2022-12-14,104.31999969482422,106.86000061035156,104.22000122070312,104.80999755859376,1675100
2022-12-15,103.3499984741211,103.8000030517578,100.38999938964844,101.66000366210938,1775900
2022-12-16,101.33999633789062,101.70999908447266,100.3499984741211,100.76000213623048,3206400
2022-12-19,100.37000274658205,100.5999984741211,98.2300033569336,98.58999633789062,3426100
2022-12-20,97.77999877929688,99.4499969482422,97.20999908447266,98.11000061035156,2379000
2022-12-21,98.1999969482422,99.91999816894533,97.2300033569336,99.87999725341795,1657000
2022-12-22,98.91999816894533,99.76000213623048,97.3499984741211,99.2699966430664,1856500
2022-12-23,98.9800033569336,99.93000030517578,98.6999969482422,99.83000183105467,1154000
2022-12-27,99.33999633789062,99.58000183105467,97.77999877929688,99.37999725341795,1225100
2022-12-28,99.41999816894533,99.7300033569336,98.5500030517578,99.69000244140624,1928800
2022-12-29,100.19000244140624,102.77999877929688,100.0500030517578,101.33999633789062,1526400
2022-12-30,100.16999816894533,104.45999908447266,99.97000122070312,104.12999725341795,1749700
2023-01-03,105.26000213623048,106.26000213623048,102.37999725341795,103.11000061035156,1668600
2023-01-04,103.5,108.62999725341795,103.5,106.7699966430664,1474800
2023-01-05,106.7699966430664,106.9499969482422,105.31999969482422,105.95999908447266,1218400
2023-01-06,107.08000183105467,107.08000183105467,103.2699966430664,104.75,2602800
2023-01-09,105.26000213623048,107.29000091552734,104.91999816894533,105.0999984741211,2185800
2023-01-10,104.79000091552734,106.68000030517578,104.79000091552734,105.52999877929688,1313800
2023-01-11,105.9800033569336,106.93000030517578,104.41000366210938,105.26000213623048,1715700
2023-01-12,104.91000366210938,105.05999755859376,101.52999877929688,104.29000091552734,1775700
2023-01-13,103.41000366210938,105.08999633789062,103.05999755859376,105.02999877929688,1437700
2023-01-17,105.02999877929688,105.63999938964844,103.25,104.54000091552734,1438900
2023-01-18,104.54000091552734,105.75,103.0500030517578,103.22000122070312,1274500
2023-01-19,103.0,103.44000244140624,101.7699966430664,102.26000213623048,1164000
2023-01-20,103.37999725341795,106.72000122070312,103.12999725341795,106.58999633789062,1458400
2023-01-23,107.12999725341795,110.94000244140624,106.7699966430664,110.66999816894533,1939600
2023-01-24,110.47000122070312,111.66000366210938,109.0500030517578,111.2699966430664,1245900
2023-01-25,109.58999633789062,111.38999938964844,109.2699966430664,110.6999969482422,1821200
2023-01-26,111.8499984741211,112.25,110.55999755859376,111.88999938964844,1252900
2023-01-27,114.0999984741211,115.33999633789062,113.36000061035156,114.27999877929688,1864900
2023-01-30,113.0999984741211,114.54000091552734,112.33999633789062,112.66000366210938,1368800
2023-01-31,112.52999877929688,113.79000091552734,112.4499969482422,113.2300033569336,1346700
2023-02-01,111.25,112.66000366210938,108.76000213623048,112.25,3239500
2023-02-02,114.08000183105467,114.7300033569336,112.06999969482422,114.72000122070312,2889800
2023-02-03,112.31999969482422,112.6999969482422,108.87000274658205,109.27999877929688,3255300
2023-02-06,107.5,108.12000274658205,104.12999725341795,105.55999755859376,5255700
2023-02-07,106.9000015258789,115.20999908447266,106.30999755859376,113.8499984741211,5481600
2023-02-08,112.73999786376952,114.4499969482422,110.19000244140624,110.4499969482422,2675500
2023-02-09,111.52999877929688,113.27999877929688,109.93000030517578,110.87999725341795,1919800
2023-02-10,110.3000030517578,111.48999786376952,109.33000183105467,111.0999984741211,1535100
2023-02-13,111.4000015258789,112.55999755859376,110.52999877929688,111.37999725341795,1400500
2023-02-14,109.38999938964844,112.20999908447266,108.81999969482422,112.08999633789062,1511700
2023-02-15,111.97000122070312,116.02999877929688,111.70999908447266,115.9499969482422,1855200
2023-02-16,114.62999725341795,115.19000244140624,112.18000030517578,112.5199966430664,1349300
2023-02-17,111.16999816894533,113.12000274658205,110.31999969482422,112.51000213623048,1355300
2023-02-21,111.47000122070312,113.2699966430664,111.04000091552734,112.0199966430664,1800900
2023-02-22,112.37999725341795,113.08000183105467,110.5999984741211,111.23999786376952,1634800
2023-02-23,111.5199966430664,111.88999938964844,109.41000366210938,110.37000274658205,1190600
2023-02-24,108.76000213623048,110.37000274658205,107.91999816894533,109.3000030517578,1218300
2023-02-27,110.13999938964844,111.11000061035156,109.38999938964844,110.08000183105467,1204200
2023-02-28,110.1999969482422,111.0999984741211,109.1999969482422,109.5500030517578,1418300
2023-03-01,109.91000366210938,110.58999633789062,108.4800033569336,108.6999969482422,1011700
2023-03-02,111.26000213623048,115.29000091552734,111.01000213623048,115.27999877929688,4321600
2023-03-03,115.79000091552734,116.95999908447266,115.5,116.6999969482422,2119600
2023-03-06,117.0,118.94000244140624,115.61000061035156,115.70999908447266,1461500
2023-03-07,115.95999908447266,119.4499969482422,115.83000183105467,116.87999725341795,2273500
2023-03-08,116.38999938964844,116.98999786376952,115.70999908447266,116.30999755859376,820100
2023-03-09,116.26000213623048,117.0999984741211,112.6999969482422,112.95999908447266,1283700
2023-03-10,112.25,113.4000015258789,109.69000244140624,110.58000183105467,1429600
2023-03-13,110.23999786376952,112.37999725341795,108.38999938964844,111.33000183105467,1215400
2023-03-14,112.5,115.30999755859376,111.9499969482422,113.80999755859376,1267400
2023-03-15,113.08999633789062,113.9000015258789,111.75,113.30999755859376,1086900
2023-03-16,113.11000061035156,115.93000030517578,112.43000030517578,115.5500030517578,1516500
2023-03-17,116.0,116.44000244140624,114.51000213623048,116.27999877929688,2835200
2023-03-20,115.58999633789062,117.05999755859376,115.37000274658205,116.30999755859376,1974400
2023-03-21,116.4800033569336,119.23999786376952,115.75,118.58999633789062,1537300
2023-03-22,118.31999969482422,118.56999969482422,113.51000213623048,113.55999755859376,1373700
2023-03-23,114.0,119.02999877929688,114.0,117.4800033569336,2357600
2023-03-24,118.81999969482422,120.04000091552734,117.11000061035156,118.12000274658205,1178000
2023-03-27,118.1999969482422,118.5,116.13999938964844,116.9800033569336,1036800
2023-03-28,116.16999816894533,116.94000244140624,114.83999633789062,115.5500030517578,983400
2023-03-29,116.26000213623048,116.9000015258789,115.3000030517578,116.66999816894533,770900
2023-03-30,117.63999938964844,117.6999969482422,115.87999725341795,116.58999633789062,859300
2023-03-31,117.06999969482422,119.91999816894533,116.70999908447266,119.3000030517578,1436200
2023-04-03,118.77999877929688,119.43000030517578,118.0999984741211,118.69000244140624,1350100
2023-04-04,119.12000274658205,121.83999633789062,118.75,121.63999938964844,1647600
2023-04-05,121.48999786376952,121.48999786376952,118.98999786376952,120.9800033569336,1142700
2023-04-06,120.5,120.9800033569336,118.7300033569336,119.0,1508400
2023-04-10,118.0199966430664,121.2300033569336,117.3499984741211,121.04000091552734,942300
2023-04-11,120.7300033569336,121.79000091552734,120.31999969482422,120.38999938964844,1204300
2023-04-12,118.75,121.08999633789062,118.5,119.68000030517578,1195600
2023-04-13,120.6999969482422,123.05999755859376,120.6999969482422,122.01000213623048,1299100
2023-04-14,121.81999969482422,123.20999908447266,121.5,123.06999969482422,1304300
2023-04-17,123.0,124.83000183105467,122.62999725341795,124.37999725341795,1228600
2023-04-18,124.18000030517578,124.7300033569336,123.2300033569336,124.30999755859376,1108200
2023-04-19,123.33000183105467,124.43000030517578,122.98999786376952,123.3499984741211,979700
2023-04-20,122.9000015258789,125.38999938964844,122.7699966430664,125.13999938964844,1158600
2023-04-21,125.16000366210938,125.4800033569336,124.7699966430664,124.98999786376952,916800
2023-04-24,124.61000061035156,128.0,124.2699966430664,127.79000091552734,1958200
2023-04-25,127.12999725341795,128.3000030517578,126.72000122070312,127.01000213623048,1678000
2023-04-26,125.98999786376952,126.12999725341795,120.83999633789062,121.5999984741211,3108300
2023-04-27,122.45999908447266,124.29000091552734,121.9499969482422,123.9499969482422,1826200
2023-04-28,123.80999755859376,124.9800033569336,123.0999984741211,124.29000091552734,1511200
2023-05-01,124.0,125.97000122070312,123.75,124.13999938964844,1403400
2023-05-02,123.72000122070312,125.06999969482422,120.27999877929688,121.62000274658205,1666700
2023-05-03,121.93000030517578,123.47000122070312,121.6999969482422,122.13999938964844,1210100
2023-05-04,122.55999755859376,122.55999755859376,119.56999969482422,120.27999877929688,1568900
2023-05-05,120.4000015258789,124.80999755859376,119.91000366210938,124.51000213623048,1452100
2023-05-08,124.26000213623048,125.94000244140624,123.9499969482422,125.69000244140624,1117200
2023-05-09,125.48999786376952,125.58000183105467,124.01000213623048,124.5999984741211,1044800
2023-05-10,126.2699966430664,126.7699966430664,123.41999816894533,124.73999786376952,1355700
2023-05-11,125.11000061035156,127.62000274658205,124.80999755859376,125.56999969482422,1358000
2023-05-12,126.0,126.08000183105467,124.45999908447266,125.26000213623048,886300
2023-05-15,125.5199966430664,125.9800033569336,123.55999755859376,125.06999969482422,1458800
2023-05-16,123.7699966430664,124.5500030517578,122.44000244140624,124.0500030517578,1635600
2023-05-17,123.48999786376952,125.94000244140624,121.72000122070312,125.0199966430664,4367500
2023-05-18,138.3800048828125,141.9600067138672,134.75999450683594,139.6300048828125,12476000
2023-05-19,140.1999969482422,141.1999969482422,135.9600067138672,137.42999267578125,3795900
2023-05-22,137.42999267578125,139.33999633789062,136.19000244140625,137.25,1940600
2023-05-23,136.91000366210938,136.9199981689453,134.52999877929688,135.77999877929688,1595400
2023-05-24,135.52999877929688,137.17999267578125,135.32000732421875,135.83999633789062,1410000
2023-05-25,137.16000366210938,137.44000244140625,134.64999389648438,136.72999572753906,1614500
2023-05-26,137.02999877929688,139.22999572753906,136.5399932861328,138.97999572753906,1232900
2023-05-30,139.50999450683594,139.9499969482422,137.63999938964844,138.27999877929688,1199400
2023-05-31,137.35000610351562,138.49000549316406,136.47999572753906,137.72999572753906,2748200
2023-06-01,137.4499969482422,138.8000030517578,136.7899932861328,137.58999633789062,1129500
2023-06-02,137.75,139.33999633789062,135.5800018310547,137.52000427246094,1877400
2023-06-05,136.85000610351562,139.0399932861328,136.3000030517578,136.72000122070312,1605800
2023-06-06,136.88999938964844,137.4199981689453,135.50999450683594,135.67999267578125,1297700
2023-06-07,135.67999267578125,136.66000366210938,131.50999450683594,132.25,2021800
2023-06-08,132.00999450683594,133.8300018310547,131.67999267578125,133.1199951171875,1054100
2023-06-09,133.05999755859375,134.22000122070312,132.08999633789062,134.02999877929688,1009500
2023-06-12,134.02999877929688,136.2899932861328,134.0,136.0,1023100
2023-06-13,136.5500030517578,137.55999755859375,136.05999755859375,136.47000122070312,1390400
2023-06-14,136.3300018310547,136.92999267578125,134.4499969482422,136.6300048828125,1146300
2023-06-15,136.14999389648438,137.6999969482422,135.67999267578125,137.1999969482422,921600
2023-06-16,138.3000030517578,138.77999877929688,137.24000549316406,138.63999938964844,2377300
2023-06-20,138.63999938964844,139.41000366210938,137.61000061035156,139.02999877929688,1484500
2023-06-21,139.02999877929688,141.58999633789062,138.94000244140625,140.4600067138672,1814800
2023-06-22,140.4600067138672,141.5800018310547,140.10000610351562,141.17999267578125,1309400
2023-06-23,140.6199951171875,142.1699981689453,139.99000549316406,141.85000610351562,4419400
2023-06-26,142.0,144.44000244140625,141.89999389648438,143.50999450683594,1390700
2023-06-27,144.36000061035156,146.8000030517578,143.82000732421875,146.33999633789062,1579400
2023-06-28,147.33999633789062,149.0399932861328,145.6300048828125,145.97999572753906,1487400
2023-06-29,146.24000549316406,146.25,144.10000610351562,145.47000122070312,974500
2023-06-30,146.8800048828125,147.63999938964844,146.5500030517578,147.16000366210938,1094600
2023-07-03,146.6300048828125,147.75999450683594,146.4499969482422,147.72999572753906,453600
2023-07-05,146.4499969482422,147.36000061035156,144.52999877929688,145.0399932861328,1543300
2023-07-06,143.1999969482422,144.57000732421875,142.3699951171875,142.8800048828125,1229900
2023-07-07,142.7899932861328,144.6999969482422,142.33999633789062,143.19000244140625,885500
2023-07-10,143.75,144.33999633789062,143.25999450683594,143.94000244140625,895600
2023-07-11,144.49000549316406,151.0500030517578,143.3800048828125,150.75,4255900
2023-07-12,151.55999755859375,151.6300048828125,147.27999877929688,149.9199981689453,1683300
2023-07-13,150.1199951171875,150.74000549316406,148.7100067138672,149.2899932861328,1190800
2023-07-14,149.2899932861328,150.39999389648438,148.83999633789062,150.0,938100
2023-07-17,152.00999450683594,153.72000122070312,151.47000122070312,152.7100067138672,1401900
2023-07-18,153.11000061035156,153.60000610351562,150.88999938964844,153.5500030517578,1333700
2023-07-19,153.83999633789062,153.83999633789062,151.25999450683594,152.00999450683594,1015200
2023-07-20,151.8800048828125,153.58999633789062,150.94000244140625,151.63999938964844,1268300
2023-07-21,152.85000610351562,152.85000610351562,149.8300018310547,149.9600067138672,874100
2023-07-24,150.4600067138672,150.92999267578125,148.83999633789062,150.27999877929688,549900
2023-07-25,149.69000244140625,151.44000244140625,149.5399932861328,151.02999877929688,666000
2023-07-26,150.66000366210938,151.3000030517578,149.0,150.25,825500
2023-07-27,151.25999450683594,151.75,149.24000549316406,149.85000610351562,934800
2023-07-28,151.97000122070312,152.19000244140625,150.4600067138672,151.60000610351562,598100
2023-07-31,151.60000610351562,152.97000122070312,150.72000122070312,152.94000244140625,1043200
2023-08-01,152.1999969482422,153.75,151.60000610351562,151.7899932861328,1078800
2023-08-02,149.97000122070312,149.97999572753906,146.39999389648438,147.22000122070312,1299500
2023-08-03,145.83999633789062,147.07000732421875,144.35000610351562,145.75,854800
2023-08-04,145.42999267578125,145.63999938964844,141.63999938964844,142.17999267578125,1721800
2023-08-07,142.30999755859375,142.82000732421875,140.67999267578125,141.17999267578125,1954700
2023-08-08,139.77999877929688,140.24000549316406,138.47999572753906,140.13999938964844,2603600
2023-08-09,140.0,143.83999633789062,136.9199981689453,139.39999389648438,3773100
2023-08-10,140.85000610351562,142.6199951171875,138.4199981689453,138.4600067138672,1920300
2023-08-11,138.3300018310547,140.6300048828125,137.42999267578125,140.1999969482422,1398100
2023-08-14,140.33999633789062,142.4600067138672,139.97999572753906,142.3800048828125,1482500
2023-08-15,142.0,142.33999633789062,138.97000122070312,139.50999450683594,1188900
2023-08-16,139.35000610351562,141.55999755859375,139.07000732421875,140.27000427246094,1335300
2023-08-17,140.52999877929688,140.97000122070312,138.05999755859375,138.0800018310547,1008600
2023-08-18,136.69000244140625,138.32000732421875,135.97999572753906,137.4600067138672,1026600
2023-08-21,138.33999633789062,139.74000549316406,137.72999572753906,139.55999755859375,1001400
2023-08-22,140.22999572753906,141.97000122070312,140.0,140.47999572753906,1217500
2023-08-23,141.0800018310547,144.8300018310547,140.75,144.5500030517578,1258700
2023-08-24,144.5500030517578,145.82000732421875,139.61000061035156,139.66000366210938,1404300
2023-08-25,139.66000366210938,142.3800048828125,139.05999755859375,141.4199981689453,1419200
2023-08-28,141.52999877929688,142.0,140.2899932861328,140.8000030517578,620700
2023-08-29,140.10000610351562,142.25,140.07000732421875,141.38999938964844,785600
2023-08-30,141.86000061035156,142.2100067138672,140.9199981689453,141.8300018310547,583900
2023-08-31,141.99000549316406,143.47000122070312,141.97999572753906,142.1999969482422,1438500
2023-09-01,142.75,143.6199951171875,140.52999877929688,141.8300018310547,1379900
2023-09-05,141.52999877929688,142.9600067138672,140.83999633789062,141.17999267578125,1342900
2023-09-06,141.3000030517578,141.3300018310547,139.75999450683594,140.97000122070312,1074600
2023-09-07,140.75,143.00999450683594,139.85000610351562,142.22999572753906,925400
2023-09-08,142.75,143.0,141.6300048828125,142.77000427246094,711800
2023-09-11,142.89999389648438,146.08999633789062,142.55999755859375,145.3800048828125,1077600
2023-09-12,144.61000061035156,146.22999572753906,142.8300018310547,143.19000244140625,846600
2023-09-13,143.1300048828125,144.72999572753906,142.5800018310547,144.36000061035156,970100
2023-09-14,144.58999633789062,145.5,143.05999755859375,144.39999389648438,813300
2023-09-15,144.0,144.4199981689453,142.22999572753906,142.91000366210938,1623100
2023-09-18,143.0399932861328,143.0399932861328,139.64999389648438,141.3300018310547,918700
2023-09-19,141.19000244140625,145.10000610351562,140.33999633789062,143.91000366210938,1255200
2023-09-20,144.3300018310547,144.3300018310547,140.5399932861328,140.72000122070312,806800
2023-09-21,139.0,139.27000427246094,135.72999572753906,135.94000244140625,1582900
2023-09-22,136.99000549316406,139.49000549316406,136.7899932861328,138.24000549316406,1079900
2023-09-25,137.80999755859375,139.05999755859375,137.3000030517578,138.75,631700
2023-09-26,137.3800048828125,139.38999938964844,136.72000122070312,137.3800048828125,980800
2023-09-27,137.67999267578125,138.6999969482422,137.0399932861328,137.77999877929688,815200
2023-09-28,137.77999877929688,141.1699981689453,137.1199951171875,140.1999969482422,1230300
2023-09-29,141.10000610351562,141.55999755859375,140.1999969482422,140.38999938964844,1231700
2023-10-02,140.49000549316406,140.49000549316406,137.30999755859375,139.0,1372300
2023-10-03,137.5800018310547,138.5399932861328,137.07000732421875,137.55999755859375,1083400
2023-10-04,137.7899932861328,140.05999755859375,136.67999267578125,139.6300048828125,868400
2023-10-05,139.33999633789062,140.91000366210938,138.6999969482422,140.1999969482422,924400
2023-10-06,139.61000061035156,142.55999755859375,139.0800018310547,140.91000366210938,1386000
2023-10-09,139.82000732421875,143.75,139.7899932861328,143.1300048828125,1117300
2023-10-10,143.36000061035156,146.33999633789062,143.27999877929688,145.24000549316406,1248500
2023-10-11,147.3699951171875,148.9600067138672,144.69000244140625,144.75,1364900
2023-10-12,143.89999389648438,144.69000244140625,139.74000549316406,141.6199951171875,1832600
2023-10-13,141.6199951171875,143.07000732421875,141.30999755859375,142.8300018310547,800100
2023-10-16,143.5800018310547,144.82000732421875,142.6999969482422,143.58999633789062,1229000
2023-10-17,142.5500030517578,145.3699951171875,142.39999389648438,144.86000061035156,1623700
2023-10-18,144.50999450683594,145.0,141.92999267578125,142.5,865300
2023-10-19,142.82000732421875,143.42999267578125,140.10000610351562,140.27999877929688,742400
2023-10-20,141.60000610351562,144.4600067138672,140.35000610351562,140.5800018310547,1297700
2023-10-23,140.0,143.47000122070312,138.8000030517578,142.1699981689453,2809900
2023-10-24,143.3800048828125,144.4600067138672,139.69000244140625,142.69000244140625,1536300
2023-10-25,141.89999389648438,142.6999969482422,136.3699951171875,137.07000732421875,1243600
2023-10-26,137.58999633789062,137.8000030517578,132.39999389648438,133.0399932861328,2499100
2023-10-27,133.27999877929688,135.39999389648438,132.72999572753906,134.42999267578125,1515900
2023-10-30,135.17999267578125,135.30999755859375,130.33999633789062,133.35000610351562,1622100
2023-10-31,133.4199981689453,134.25,132.24000549316406,133.75,1146000
2023-11-01,133.92999267578125,135.00999450683594,132.1999969482422,133.80999755859375,1629900
2023-11-02,135.69000244140625,137.8000030517578,134.83999633789062,137.5,1959400
2023-11-03,137.60000610351562,139.6699981689453,136.8800048828125,138.91000366210938,1386800
2023-11-06,139.0,139.1699981689453,132.1699981689453,134.3699951171875,1926700
2023-11-07,135.67999267578125,137.27999877929688,135.0,136.36000061035156,1881700
2023-11-08,148.2100067138672,148.63999938964844,143.1300048828125,143.47000122070312,8062400
2023-11-09,148.6300048828125,149.9199981689453,144.25999450683594,146.32000732421875,4612600
2023-11-10,146.67999267578125,149.07000732421875,145.10000610351562,147.8800048828125,2430200
2023-11-13,147.64999389648438,151.97999572753906,147.27999877929688,150.08999633789062,2829600
2023-11-14,153.08999633789062,156.2100067138672,152.5800018310547,153.39999389648438,2315400
2023-11-15,153.63999938964844,155.80999755859375,153.07000732421875,153.94000244140625,1805700
2023-11-16,153.9499969482422,154.97999572753906,152.77999877929688,154.85000610351562,1405300
2023-11-17,154.9199981689453,155.5500030517578,153.42999267578125,154.38999938964844,1067200
2023-11-20,153.99000549316406,156.5399932861328,153.33999633789062,155.8800048828125,1162200
2023-11-21,155.82000732421875,156.9600067138672,154.6699981689453,155.74000549316406,885200
2023-11-22,156.39999389648438,157.60000610351562,155.80999755859375,155.8800048828125,1118600
2023-11-24,156.39999389648438,156.5399932861328,155.42999267578125,156.32000732421875,539200
2023-11-27,156.0500030517578,157.5800018310547,156.00999450683594,156.27000427246094,1008500
2023-11-28,156.27000427246094,158.1699981689453,156.27000427246094,156.67999267578125,1324700
2023-11-29,157.58999633789062,158.83999633789062,155.74000549316406,157.00999450683594,1562500
2023-11-30,157.1699981689453,158.5399932861328,156.5,158.1999969482422,1508200
2023-12-01,158.69000244140625,161.60000610351562,157.1999969482422,157.83999633789062,1733700
2023-12-04,157.35000610351562,158.4499969482422,154.5,157.55999755859375,1878900
2023-12-05,154.25999450683594,157.97999572753906,152.1199951171875,156.75999450683594,3597000
2023-12-06,157.5,158.80999755859375,156.5399932861328,157.32000732421875,2544900
2023-12-07,155.10000610351562,155.85000610351562,153.55999755859375,154.2100067138672,2437200
2023-12-08,154.3800048828125,156.72000122070312,154.0800018310547,155.32000732421875,2078700
2023-12-11,154.41000366210938,155.0500030517578,152.10000610351562,152.55999755859375,2478100
2023-12-12,155.13999938964844,157.33999633789062,154.66000366210938,157.1999969482422,2270600
2023-12-13,161.13999938964844,164.0399932861328,160.83999633789062,163.1199951171875,4475600
2023-12-14,163.2899932861328,164.85000610351562,162.39999389648438,163.88999938964844,3013400
2023-12-15,163.67999267578125,163.86000061035156,159.25,160.1999969482422,15610100
2023-12-18,160.5399932861328,161.4499969482422,157.83999633789062,158.57000732421875,1962500
2023-12-19,158.63999938964844,159.77000427246094,157.75,159.39999389648438,1324300
2023-12-20,158.2100067138672,160.4499969482422,157.5,157.9600067138672,1569300
2023-12-21,159.27999877929688,160.5,158.74000549316406,160.38999938964844,1069300
2023-12-22,158.8800048828125,162.89999389648438,158.8800048828125,161.9499969482422,1347600
2023-12-26,162.0,162.25999450683594,161.16000366210938,161.6199951171875,763300
2023-12-27,161.58999633789062,161.72999572753906,160.5,160.99000549316406,936900
2023-12-28,160.99000549316406,162.25,160.39999389648438,161.47000122070312,784900
2023-12-29,161.5,162.9199981689453,160.72000122070312,160.9499969482422,916600
2024-01-02,160.13999938964844,160.13999938964844,157.99000549316406,159.25999450683594,1506200
2024-01-03,158.88999938964844,159.17999267578125,157.47999572753906,158.39999389648438,1061400
2024-01-04,157.9600067138672,160.52000427246094,157.82000732421875,158.86000061035156,1238900
2024-01-05,158.52000427246094,159.7899932861328,157.7899932861328,158.2100067138672,1039100
2024-01-08,158.27000427246094,159.17999267578125,156.66000366210938,158.5399932861328,880100
2024-01-09,158.82000732421875,161.13999938964844,158.4499969482422,159.22000122070312,1067000
2024-01-10,158.57000732421875,160.02000427246094,158.30999755859375,159.2100067138672,884300
2024-01-11,159.24000549316406,161.8000030517578,158.5500030517578,161.5399932861328,1255500
2024-01-12,161.8699951171875,162.42999267578125,160.72000122070312,161.67999267578125,945800
2024-01-16,161.25,163.60000610351562,160.25,161.8800048828125,1264900
2024-01-17,160.44000244140625,160.94000244140625,158.3699951171875,160.3800048828125,983600
2024-01-18,161.32000732421875,162.22999572753906,158.97999572753906,159.86000061035156,1202800
2024-01-19,160.88999938964844,163.14999389648438,159.77999877929688,163.10000610351562,1503900
2024-01-22,164.97000122070312,165.5399932861328,163.58999633789062,164.42999267578125,875500
2024-01-23,165.14999389648438,165.77999877929688,164.13999938964844,165.14999389648438,827000
2024-01-24,166.1199951171875,168.16000366210938,164.82000732421875,165.89999389648438,1050200
2024-01-25,167.8699951171875,168.52000427246094,166.77000427246094,168.5,1524300
2024-01-26,168.5,169.55999755859375,167.3000030517578,167.38999938964844,1123100
2024-01-29,167.94000244140625,168.22000122070312,165.97000122070312,168.02000427246094,1155400
2024-01-30,166.47999572753906,168.24000549316406,165.67999267578125,166.94000244140625,1280800
2024-01-31,165.33999633789062,166.85000610351562,164.3300018310547,164.92999267578125,1078800
2024-02-01,164.57000732421875,166.3300018310547,162.44000244140625,166.3300018310547,1105500
2024-02-02,166.52999877929688,168.25,165.99000549316406,167.0,1120900
2024-02-05,165.72000122070312,166.11000061035156,163.6999969482422,164.00999450683594,1530300
2024-02-06,164.35000610351562,166.72000122070312,164.0,166.6699981689453,925000
2024-02-07,168.35000610351562,169.67999267578125,167.50999450683594,169.57000732421875,1406000
2024-02-08,170.61000061035156,171.58999633789062,168.32000732421875,169.60000610351562,3063100
2024-02-09,154.88999938964844,158.11000061035156,152.22999572753906,154.91000366210938,6604100
2024-02-12,154.8300018310547,160.0399932861328,154.0,155.27000427246094,3436500
2024-02-13,154.47999572753906,155.57000732421875,151.66000366210938,153.49000549316406,2385100
2024-02-14,154.8000030517578,155.97999572753906,153.67999267578125,155.72000122070312,1547000
2024-02-15,155.72000122070312,157.42999267578125,155.2100067138672,156.9600067138672,1283000
2024-02-16,156.6999969482422,157.24000549316406,153.2899932861328,153.3800048828125,1499700
2024-02-20,153.02999877929688,154.3699951171875,150.47999572753906,151.94000244140625,2076500
2024-02-21,152.0,152.44000244140625,149.80999755859375,151.11000061035156,1491800
2024-02-22,153.08999633789062,153.8300018310547,151.75999450683594,152.44000244140625,1397200
2024-02-23,152.1300048828125,153.05999755859375,150.85000610351562,151.00999450683594,1466900
2024-02-26,151.25,151.4600067138672,149.52999877929688,149.7100067138672,1340500
2024-02-27,150.0,150.11000061035156,147.00999450683594,147.94000244140625,2173100
2024-02-28,148.47999572753906,148.5,145.88999938964844,147.47999572753906,1589000
2024-02-29,147.8300018310547,148.13999938964844,145.61000061035156,146.92999267578125,2297300
2024-03-01,146.49000549316406,150.75999450683594,145.5,150.33999633789062,2341400
2024-03-04,150.33999633789062,150.8300018310547,146.32000732421875,146.3300018310547,2803600
2024-03-05,145.0,145.0,142.0,143.94000244140625,2910300
2024-03-06,145.9499969482422,146.47999572753906,143.35000610351562,143.89999389648438,1210200
2024-03-07,145.27000427246094,145.57000732421875,143.8000030517578,145.00999450683594,1415100
2024-03-08,144.7899932861328,145.72000122070312,142.63999938964844,143.72999572753906,1385400
2024-03-11,143.72999572753906,147.52999877929688,143.5500030517578,145.8699951171875,2151400
2024-03-12,145.1300048828125,145.97000122070312,143.74000549316406,144.52999877929688,1757900
2024-03-13,144.52999877929688,146.69000244140625,144.1199951171875,144.88999938964844,1371000
2024-03-14,143.75999450683594,144.22000122070312,141.4499969482422,143.77000427246094,1526900
2024-03-15,143.2899932861328,144.6699981689453,142.02999877929688,143.91000366210938,3757600
2024-03-18,143.9600067138672,145.2100067138672,143.42999267578125,144.6199951171875,2237100
2024-03-19,144.24000549316406,145.4499969482422,143.5,145.1999969482422,1118600
2024-03-20,145.4600067138672,149.41000366210938,145.1199951171875,148.42999267578125,2396500
2024-03-21,149.92999267578125,153.22999572753906,149.4499969482422,152.1699981689453,2474700
2024-03-22,152.6699981689453,153.24000549316406,151.72000122070312,152.4600067138672,1181100
2024-03-25,150.0,150.4199981689453,141.8300018310547,146.13999938964844,3763000
2024-03-26,147.2899932861328,148.6999969482422,145.0399932861328,146.6699981689453,1959900
2024-03-27,148.0,148.0,146.1699981689453,146.9199981689453,1181600
2024-03-28,145.19000244140625,150.33999633789062,144.57000732421875,148.49000549316406,1656300
2024-04-01,148.69000244140625,150.47999572753906,147.50999450683594,150.0,1270900
2024-04-02,149.27000427246094,149.63999938964844,147.75999450683594,149.57000732421875,1251000
2024-04-03,149.38999938964844,152.0,148.63999938964844,151.72999572753906,1625800
2024-04-04,153.24000549316406,153.38999938964844,149.3300018310547,149.58999633789062,1503600
2024-04-05,149.82000732421875,151.82000732421875,149.82000732421875,151.0399932861328,1357300
2024-04-08,154.25,155.35000610351562,151.75,153.64999389648438,1434600
2024-04-09,155.24000549316406,156.25,153.3699951171875,154.6999969482422,1018000
2024-04-10,152.02000427246094,153.10000610351562,151.1199951171875,152.1199951171875,1351100
2024-04-11,152.67999267578125,153.0500030517578,150.3800048828125,151.33999633789062,1101200
2024-04-12,150.0,150.32000732421875,147.17999267578125,147.27000427246094,2077300
2024-04-15,147.6300048828125,147.75999450683594,144.47999572753906,145.3000030517578,1923300
2024-04-16,145.3000030517578,146.11000061035156,144.69000244140625,145.4499969482422,1875000
2024-04-17,146.52000427246094,147.27000427246094,143.0399932861328,143.16000366210938,1531700
2024-04-18,143.74000549316406,143.85000610351562,140.3800048828125,140.63999938964844,1494000
2024-04-19,140.02000427246094,140.94000244140625,139.25,140.60000610351562,2543000
2024-04-22,140.60000610351562,141.1300048828125,138.92999267578125,139.9600067138672,1170500
2024-04-23,140.85000610351562,143.25,140.5500030517578,141.72000122070312,1259900
2024-04-24,140.97000122070312,142.92999267578125,140.82000732421875,142.8300018310547,1024900
2024-04-25,142.33999633789062,143.8800048828125,141.0399932861328,143.42999267578125,1108900
2024-04-26,143.3800048828125,145.69000244140625,143.3800048828125,144.47000122070312,853100
2024-04-29,144.0800018310547,145.72000122070312,143.72999572753906,144.27000427246094,1319100
2024-04-30,143.2899932861328,144.27999877929688,142.49000549316406,142.80999755859375,2314100
2024-05-01,142.22000122070312,145.1199951171875,141.52999877929688,142.74000549316406,1164500
2024-05-02,143.8699951171875,143.8699951171875,140.3699951171875,143.07000732421875,1232000
2024-05-03,144.4199981689453,146.27999877929688,143.9499969482422,145.8800048828125,1075100
2024-05-06,146.0,148.4499969482422,145.9199981689453,148.33999633789062,1081600
2024-05-07,148.0,148.72000122070312,147.50999450683594,148.3300018310547,1006300
2024-05-08,147.75,148.0,145.38999938964844,145.97000122070312,1230700
2024-05-09,145.80999755859375,146.55999755859375,145.1300048828125,145.67999267578125,1196900
2024-05-10,145.50999450683594,146.63999938964844,144.8800048828125,145.8800048828125,1284700
2024-05-13,146.5500030517578,146.91000366210938,143.69000244140625,143.9499969482422,1684600
2024-05-14,144.00999450683594,145.30999755859375,143.5500030517578,144.9600067138672,1608000
2024-05-15,145.77000427246094,148.25,145.4499969482422,148.0800018310547,1832500
2024-05-16,148.97000122070312,148.97000122070312,145.5,146.0800018310547,3603400
2024-05-17,151.63999938964844,154.41000366210938,146.1999969482422,147.83999633789062,5612200
2024-05-20,147.10000610351562,151.00999450683594,146.6699981689453,150.89999389648438,2187100
2024-05-21,150.0,152.74000549316406,150.0,151.4199981689453,1862900
2024-05-22,151.3800048828125,153.07000732421875,149.67999267578125,150.61000061035156,1510400
2024-05-23,153.52000427246094,154.5399932861328,151.3300018310547,152.3300018310547,2269500
2024-05-24,152.44000244140625,155.1699981689453,151.77999877929688,154.60000610351562,1623900
2024-05-28,154.97000122070312,157.3699951171875,153.9600067138672,156.7899932861328,2223700
2024-05-29,155.72000122070312,160.39999389648438,155.60000610351562,159.67999267578125,2034300
2024-05-30,159.67999267578125,160.72999572753906,157.8699951171875,159.77999877929688,1223200
2024-05-31,160.16000366210938,160.83999633789062,158.4499969482422,160.36000061035156,2263900
2024-06-03,160.25,163.72999572753906,160.00999450683594,163.63999938964844,1776200
2024-06-04,163.05999755859375,166.2899932861328,161.3800048828125,165.9600067138672,1729900
2024-06-05,166.63999938964844,167.75,165.07000732421875,167.42999267578125,1554500
2024-06-06,167.1199951171875,168.67999267578125,165.4499969482422,165.6699981689453,1521300
2024-06-07,165.64999389648438,166.42999267578125,164.64999389648438,164.77000427246094,1504400
2024-06-10,164.1199951171875,165.4199981689453,159.83999633789062,160.5399932861328,2126700
2024-06-11,160.0,160.97000122070312,157.75999450683594,158.50999450683594,1831600
2024-06-12,157.0,160.25999450683594,156.7100067138672,159.6699981689453,3424800
2024-06-13,158.63999938964844,160.39999389648438,157.55999755859375,157.72000122070312,1273400
2024-06-14,157.00999450683594,159.25,155.94000244140625,158.9600067138672,1174800
2024-06-17,158.16000366210938,158.9600067138672,157.1699981689453,157.39999389648438,1027900
2024-06-18,157.38999938964844,158.4199981689453,155.22000122070312,155.3699951171875,1184600
2024-06-20,155.00999450683594,155.55999755859375,153.99000549316406,154.97999572753906,1387500
2024-06-21,155.64999389648438,159.25,155.16000366210938,158.22000122070312,3171000
2024-06-24,158.05999755859375,160.22999572753906,157.44000244140625,159.7100067138672,1557800
2024-06-25,160.0,160.72000122070312,157.8000030517578,159.0399932861328,1017600
2024-06-26,158.8300018310547,159.60000610351562,156.97999572753906,157.5399932861328,1302500
2024-06-27,157.8800048828125,158.5500030517578,156.4600067138672,156.97999572753906,1092300
2024-06-28,156.83999633789062,158.17999267578125,155.1999969482422,155.49000549316406,1625800
2024-07-01,154.0500030517578,155.8800048828125,153.3800048828125,154.2899932861328,1259900
2024-07-02,154.55999755859375,155.4499969482422,154.2899932861328,154.64999389648438,1509200
2024-07-03,154.2100067138672,154.9499969482422,152.8000030517578,153.5,717300
2024-07-05,152.83999633789062,153.00999450683594,151.50999450683594,151.74000549316406,1130300
2024-07-08,151.83999633789062,152.80999755859375,151.02999877929688,152.0,1177700
2024-07-09,151.9499969482422,151.9499969482422,149.14999389648438,149.36000061035156,1320300
2024-07-10,149.39999389648438,149.97999572753906,147.6199951171875,148.8300018310547,1799400
2024-07-11,150.00999450683594,153.0800018310547,149.85000610351562,151.52000427246094,2371800
2024-07-12,151.88999938964844,155.27999877929688,151.75999450683594,153.35000610351562,1576100
2024-07-15,153.5500030517578,154.57000732421875,152.30999755859375,153.30999755859375,1188000
2024-07-16,153.7899932861328,154.55999755859375,152.72999572753906,154.10000610351562,1176500
2024-07-17,154.1300048828125,154.1300048828125,149.8300018310547,149.8699951171875,1708400
2024-07-18,149.8699951171875,151.32000732421875,148.77999877929688,150.3000030517578,1853500
2024-07-19,150.4499969482422,151.25,148.9199981689453,150.32000732421875,1643000
2024-07-22,150.55999755859375,151.05999755859375,148.86000061035156,150.4499969482422,1084500
2024-07-23,150.4499969482422,152.52000427246094,150.07000732421875,151.7100067138672,1109700
2024-07-24,151.7899932861328,155.1199951171875,151.66000366210938,152.88999938964844,1842500
2024-07-25,153.5,153.5,150.02000427246094,150.3000030517578,1466200
2024-07-26,150.6300048828125,151.05999755859375,149.16000366210938,150.75,1358900
2024-07-29,151.41000366210938,151.9199981689453,150.22999572753906,150.6999969482422,1313000
2024-07-30,150.42999267578125,152.4499969482422,149.86000061035156,150.0,1360700
2024-07-31,151.10000610351562,152.25,150.3800048828125,150.52999877929688,1590800
2024-08-01,150.16000366210938,150.22999572753906,144.9600067138672,145.9600067138672,1684800
2024-08-02,146.0,146.57000732421875,143.16000366210938,143.67999267578125,1809600
2024-08-05,141.16000366210938,141.39999389648438,137.50999450683594,139.49000549316406,1935900
2024-08-06,139.35000610351562,141.47000122070312,138.99000549316406,140.11000061035156,1599900
2024-08-07,141.0,141.44000244140625,135.61000061035156,135.6699981689453,2707300
2024-08-08,136.8300018310547,138.8699951171875,135.24000549316406,138.77999877929688,2622100
2024-08-09,142.13999938964844,145.6999969482422,141.33999633789062,144.82000732421875,3996300
2024-08-12,145.88999938964844,149.5,145.25999450683594,147.2899932861328,2585200
2024-08-13,147.30999755859375,147.80999755859375,144.6999969482422,144.8800048828125,1575400
2024-08-14,144.6300048828125,145.91000366210938,143.1699981689453,144.91000366210938,954200
2024-08-15,145.89999389648438,148.0500030517578,145.5,146.3800048828125,1129900
2024-08-16,146.4600067138672,151.10000610351562,146.38999938964844,149.94000244140625,1901100
2024-08-19,150.0,150.86000061035156,148.60000610351562,150.5,1078300
2024-08-20,150.72999572753906,155.63999938964844,149.97999572753906,154.80999755859375,2750600
2024-08-21,156.6199951171875,161.3699951171875,156.49000549316406,160.07000732421875,1849400
2024-08-22,160.0,161.82000732421875,158.52000427246094,158.6999969482422,1221900
2024-08-23,160.1999969482422,160.89999389648438,158.8000030517578,159.38999938964844,1076200
2024-08-26,159.94000244140625,161.1999969482422,159.7100067138672,160.3800048828125,805600
2024-08-27,160.30999755859375,161.9199981689453,160.16000366210938,160.77999877929688,783900
2024-08-28,160.88999938964844,161.14999389648438,158.1300048828125,159.0,1153700
2024-08-29,160.47999572753906,162.97999572753906,160.16000366210938,160.5,929600
2024-08-30,161.05999755859375,162.1199951171875,160.42999267578125,161.7100067138672,1206500
2024-09-03,160.75,161.47999572753906,154.6199951171875,155.89999389648438,1581700
2024-09-04,155.6300048828125,159.1300048828125,155.6300048828125,158.0399932861328,990100
2024-09-05,158.60000610351562,159.05999755859375,156.77999877929688,157.05999755859375,1021700
2024-09-06,157.75999450683594,159.42999267578125,156.52000427246094,156.61000061035156,1246000
2024-09-09,155.44000244140625,156.4199981689453,149.86000061035156,156.32000732421875,2107800
2024-09-10,157.10000610351562,157.42999267578125,153.97999572753906,154.85000610351562,853200
2024-09-11,153.77000427246094,153.83999633789062,150.19000244140625,152.33999633789062,1720800
2024-09-12,152.77000427246094,154.75999450683594,152.27999877929688,153.61000061035156,1194200
2024-09-13,153.82000732421875,154.89999389648438,152.07000732421875,152.17999267578125,1223400
2024-09-16,152.4499969482422,153.0500030517578,150.91000366210938,152.4499969482422,1320600
2024-09-17,152.47999572753906,155.8300018310547,151.0399932861328,152.7100067138672,1534300
2024-09-18,152.9499969482422,155.16000366210938,151.42999267578125,153.3300018310547,1449600
2024-09-19,156.22000122070312,158.11000061035156,153.52000427246094,153.66000366210938,1971000
2024-09-20,152.52000427246094,152.94000244140625,147.22999572753906,148.77999877929688,5624000
2024-09-23,149.5800018310547,150.75,148.05999755859375,149.72999572753906,1495700
2024-09-24,149.6300048828125,151.11000061035156,147.94000244140625,150.89999389648438,1190500
2024-09-25,150.64999389648438,150.89999389648438,149.66000366210938,150.77000427246094,841600
2024-09-26,152.2899932861328,152.5,150.44000244140625,151.69000244140625,1485400
2024-09-27,152.49000549316406,153.80999755859375,152.1999969482422,153.0500030517578,1371000
2024-09-30,153.07000732421875,154.85000610351562,152.25999450683594,153.7100067138672,1343700
2024-10-01,153.07000732421875,153.07000732421875,149.50999450683594,150.47999572753906,1379100
2024-10-02,150.32000732421875,151.6699981689453,148.92999267578125,151.3699951171875,1178200
2024-10-03,149.91000366210938,151.19000244140625,146.75999450683594,147.66000366210938,1462100
2024-10-04,149.0,152.1199951171875,147.77999877929688,151.69000244140625,1768100
2024-10-07,151.42999267578125,152.5500030517578,150.4499969482422,152.2100067138672,1041500
2024-10-08,152.27000427246094,153.0800018310547,151.32000732421875,152.94000244140625,757000
2024-10-09,153.0,155.3000030517578,152.75999450683594,153.86000061035156,880000
2024-10-10,152.33999633789062,154.0399932861328,152.27000427246094,153.49000549316406,912100
2024-10-11,153.05999755859375,156.47999572753906,153.05999755859375,155.08999633789062,1311700
2024-10-14,155.50999450683594,156.49000549316406,154.69000244140625,155.42999267578125,725100
2024-10-15,155.36000061035156,157.50999450683594,154.99000549316406,156.0500030517578,1310200
2024-10-16,155.88999938964844,155.97000122070312,154.27999877929688,154.91000366210938,766300
2024-10-17,155.97000122070312,156.52999877929688,154.02999877929688,154.7899932861328,816400
2024-10-18,154.41000366210938,155.8000030517578,154.14999389648438,155.27000427246094,976800
2024-10-21,154.47000122070312,156.92999267578125,154.1300048828125,156.8800048828125,1129100
2024-10-22,156.99000549316406,160.30999755859375,156.52999877929688,160.02000427246094,1697000
2024-10-23,160.0,161.2899932861328,159.22999572753906,161.00999450683594,1694800
2024-10-24,161.6199951171875,163.07000732421875,159.9600067138672,161.25999450683594,1218900
2024-10-25,162.39999389648438,163.85000610351562,161.14999389648438,161.7899932861328,1040800
2024-10-28,162.0,162.13999938964844,160.00999450683594,160.75,1395700
2024-10-29,160.38999938964844,163.5399932861328,158.64999389648438,162.27999877929688,1603500
2024-10-30,162.1999969482422,164.67999267578125,160.6199951171875,162.88999938964844,1659300
2024-10-31,162.75,164.4600067138672,161.27999877929688,161.72000122070312,1414000
2024-11-01,161.1199951171875,164.39999389648438,160.8300018310547,163.77999877929688,1457800
2024-11-04,164.22000122070312,164.6999969482422,161.02000427246094,162.92999267578125,1829600
2024-11-05,163.64999389648438,165.49000549316406,162.8000030517578,164.02999877929688,1303500
2024-11-06,166.49000549316406,169.0399932861328,165.35000610351562,166.6199951171875,3089300
2024-11-07,174.0,180.52999877929688,171.39999389648438,179.1699981689453,3777500
2024-11-08,179.1699981689453,179.33999633789062,173.1999969482422,177.89999389648438,2225700
2024-11-11,178.44000244140625,180.50999450683597,178.1199951171875,179.38999938964844,2134000
2024-11-12,178.66000366210938,180.6699981689453,177.1699981689453,180.5500030517578,1115100
2024-11-13,180.2899932861328,182.6199951171875,180.10000610351562,181.8699951171875,1074400
2024-11-14,181.0,182.3500061035156,179.2899932861328,181.47999572753903,1071500
2024-11-15,181.0,181.0,176.67999267578125,177.6199951171875,1349600
2024-11-18,178.13999938964844,183.3600006103516,177.08999633789062,182.92999267578125,1254600
2024-11-19,182.1199951171875,186.3000030517578,181.05999755859372,186.00999450683597,1535800
2024-11-20,186.07000732421875,186.75,184.1999969482422,185.5,1364500
2024-11-21,187.30999755859372,187.30999755859372,184.91000366210935,186.5800018310547,1168900
2024-11-22,187.0,188.4499969482422,185.8699951171875,188.1499938964844,1081900
2024-11-25,189.75999450683597,190.42999267578125,187.47000122070312,187.6199951171875,2501800
2024-11-26,188.19000244140625,189.27999877929688,187.13999938964844,187.8500061035156,1788200
2024-11-27,188.22999572753903,188.55999755859372,185.3500061035156,185.55999755859372,1235800
2024-11-29,186.2100067138672,189.30999755859372,186.2100067138672,188.3800048828125,679600
2024-12-02,188.3600006103516,188.6300048828125,187.0,187.9499969482422,1257300
2024-12-03,187.3999938964844,188.3800048828125,186.94000244140625,188.05999755859372,926700
2024-12-04,188.5,188.8800048828125,187.25,188.1999969482422,1431300
2024-12-05,189.3500061035156,191.6300048828125,188.0,190.02999877929688,1976700
2024-12-06,190.3600006103516,191.91000366210935,188.1699981689453,189.7100067138672,1500800
2024-12-09,188.97000122070312,191.0200042724609,187.6699981689453,187.8999938964844,1420500
2024-12-10,186.7100067138672,188.2400054931641,184.7100067138672,185.3600006103516,1153900
2024-12-11,188.8800048828125,191.25999450683597,186.0500030517578,190.4600067138672,1489200
2024-12-12,189.3300018310547,190.5399932861328,188.2700042724609,189.63999938964844,796900
2024-12-13,188.3000030517578,188.6499938964844,184.6999969482422,185.47999572753903,1327900
2024-12-16,185.9199981689453,188.77999877929688,185.32000732421875,187.17999267578125,1847000
2024-12-17,186.63999938964844,187.32000732421875,185.8500061035156,185.92999267578125,1372700
2024-12-18,186.5200042724609,188.3999938964844,181.63999938964844,181.8999938964844,2022500
2024-12-19,183.5,184.4900054931641,181.16000366210935,181.3800048828125,1570300
2024-12-20,180.0,184.1999969482422,179.0,181.97000122070312,3579400
2024-12-23,181.08999633789065,183.3699951171875,181.08999633789065,183.22000122070312,1198400
2024-12-24,184.0,185.82000732421875,183.6300048828125,185.38999938964844,461100
2024-12-26,184.75,187.55999755859372,184.7100067138672,187.16000366210935,733500
2024-12-27,187.42999267578125,188.3600006103516,184.6999969482422,186.42999267578125,1010700
2024-12-30,184.19000244140625,185.92999267578125,182.0,184.5399932861328,1317100
2024-12-31,184.7700042724609,185.7700042724609,183.6499938964844,184.0800018310547,1106900
2025-01-02,184.66000366210935,185.1000061035156,180.8699951171875,183.07000732421875,1437600
2025-01-03,184.6000061035156,189.17999267578125,184.1999969482422,188.75,1452700
2025-01-06,190.63999938964844,192.13999938964844,188.30999755859372,188.97999572753903,1233400
2025-01-07,188.08999633789065,188.7100067138672,180.8800048828125,181.75,2250900
2025-01-08,181.58999633789065,183.91000366210935,180.1699981689453,183.7400054931641,1976300
2025-01-10,181.8999938964844,182.8800048828125,177.35000610351562,178.61000061035156,1420400
2025-01-13,178.61000061035156,179.97999572753906,177.92999267578125,178.75999450683594,957500
2025-01-14,178.91000366210938,181.52999877929688,178.64999389648438,180.02999877929688,876200
2025-01-15,183.3999938964844,183.8000030517578,179.5800018310547,181.32000732421875,1332000
2025-01-16,182.2700042724609,184.4600067138672,181.25999450683597,183.3699951171875,1282200
2025-01-17,186.9499969482422,186.9499969482422,184.82000732421875,186.41000366210935,1443700
2025-01-21,187.5500030517578,189.0399932861328,184.42999267578125,185.13999938964844,1611200
2025-01-22,185.3600006103516,188.17999267578125,183.5399932861328,187.9900054931641,1548500
2025-01-23,183.27999877929688,184.69000244140625,179.61000061035156,183.82000732421875,2066900
2025-01-24,184.0,185.6300048828125,182.57000732421875,185.4900054931641,1638800
2025-01-27,185.0500030517578,190.5800018310547,184.17999267578125,187.8699951171875,2335500
2025-01-28,186.8500061035156,189.6999969482422,185.72999572753903,187.13999938964844,1616100
2025-01-29,186.9199981689453,191.6100006103516,186.9199981689453,190.08999633789065,1430400
2025-01-30,190.91000366210935,192.5,189.8800048828125,191.22999572753903,1213100
2025-01-31,190.07000732421875,190.92999267578125,185.38999938964844,185.50999450683597,1680700
2025-02-03,184.6199951171875,187.58999633789065,182.88999938964844,186.07000732421875,1741400
2025-02-04,186.13999938964844,186.6100006103516,182.66000366210935,183.5399932861328,1661200
2025-02-05,185.1000061035156,186.1699981689453,182.9199981689453,184.9199981689453,1697800
2025-02-06,184.0800018310547,184.52999877929688,181.8600006103516,183.0800018310547,2779700
2025-02-07,198.0,212.8800048828125,195.97000122070312,208.7700042724609,6798600
2025-02-10,210.00999450683597,215.83999633789065,206.27999877929688,212.50999450683597,3454100
2025-02-11,212.2700042724609,214.0399932861328,208.3800048828125,209.94000244140625,1783200
2025-02-12,207.42999267578125,210.1100006103516,206.55999755859372,209.17999267578125,1162800
2025-02-13,209.17999267578125,210.5800018310547,207.8300018310547,210.08999633789065,1338200
2025-02-14,210.22999572753903,212.58999633789065,208.5500030517578,208.75999450683597,1454700
2025-02-18,208.63999938964844,216.5200042724609,208.41000366210935,216.3800048828125,2462900
2025-02-19,218.58999633789065,218.75,212.4600067138672,215.17999267578125,1582300
2025-02-20,215.17999267578125,215.3300018310547,209.0399932861328,215.2400054931641,1648300
2025-02-21,216.0,216.52999877929688,210.66000366210935,211.6499938964844,1439100
2025-02-24,213.2100067138672,213.6999969482422,207.27999877929688,212.0200042724609,1206500
2025-02-25,210.47999572753903,210.67999267578125,206.07000732421875,207.91000366210935,1922000
2025-02-26,208.80999755859372,210.27999877929688,207.4600067138672,209.1100006103516,1281000
2025-02-27,209.8500061035156,211.3699951171875,207.6300048828125,208.2100067138672,1122800
2025-02-28,208.72000122070312,212.1000061035156,206.7100067138672,211.97999572753903,1858300
2025-03-03,212.88999938964844,214.5,207.77999877929688,208.0500030517578,1781700
2025-03-04,207.97999572753903,209.08999633789065,202.00999450683597,208.5500030517578,2106700
2025-03-05,208.1000061035156,215.2700042724609,208.1000061035156,214.80999755859372,1750100
2025-03-06,214.1999969482422,216.4600067138672,207.3300018310547,207.8699951171875,2273200
2025-03-07,206.75999450683597,207.4499969482422,198.7100067138672,204.3300018310547,1889400
2025-03-10,200.97999572753903,202.47000122070312,197.0,201.92999267578125,1883600
2025-03-11,202.0399932861328,206.0200042724609,201.7700042724609,203.8000030517578,1543500
2025-03-12,204.47999572753903,206.72000122070312,203.4900054931641,205.3300018310547,1414900
2025-03-13,204.47999572753903,206.1999969482422,201.92999267578125,203.6300048828125,1262900
2025-03-14,205.6699981689453,206.32000732421875,201.83999633789065,204.57000732421875,1365500
2025-03-17,203.82000732421875,207.7100067138672,203.05999755859372,206.5,1904900
2025-03-18,205.9600067138672,206.3600006103516,203.6999969482422,204.32000732421875,1067500
2025-03-19,204.0,210.7100067138672,203.47999572753903,208.8600006103516,1381600
2025-03-20,206.92999267578125,211.4600067138672,206.8999938964844,209.6300048828125,1329200
2025-03-21,207.50999450683597,215.0,204.2100067138672,213.47000122070312,3631800
2025-03-24,217.1499938964844,217.17999267578125,211.88999938964844,213.50999450683597,1452900
2025-03-25,213.66000366210935,218.55999755859372,211.57000732421875,217.9499969482422,1361000
2025-03-26,217.0,220.92999267578125,211.9499969482422,215.88999938964844,1951700
2025-03-27,215.7700042724609,216.6999969482422,213.6300048828125,214.2899932861328,1128700
2025-03-28,214.27999877929688,215.5200042724609,209.32000732421875,210.47000122070312,1439400
2025-03-31,207.3999938964844,207.88999938964844,200.66000366210935,207.25,2689900
2025-04-01,205.22999572753903,210.57000732421875,204.6999969482422,210.1300048828125,1654700
2025-04-02,207.8800048828125,212.72000122070312,207.0,211.1000061035156,1602800
2025-04-03,205.4600067138672,211.5,204.94000244140625,208.92999267578125,2324500
2025-04-04,205.1000061035156,208.3300018310547,194.17999267578125,194.5800018310547,3684600
2025-04-07,190.9199981689453,201.1300048828125,188.55999755859372,197.52999877929688,3608200
2025-04-08,201.6100006103516,205.2100067138672,193.1100006103516,196.25,2230700
2025-04-09,194.33999633789065,209.38999938964844,194.1199951171875,208.1300048828125,2820900
2025-04-10,205.00999450683597,206.3600006103516,196.6499938964844,204.41000366210935,2257300
2025-04-11,204.8300018310547,212.8500061035156,202.25999450683597,212.07000732421875,2648600
2025-04-14,214.0,216.0,210.9900054931641,212.9499969482422,1220600
2025-04-15,212.75,215.3500061035156,211.9499969482422,214.6000061035156,1267100
2025-04-16,213.8000030517578,215.8500061035156,209.1699981689453,211.3999938964844,1228600
2025-04-17,213.6699981689453,214.8000030517578,211.4600067138672,212.7700042724609,1059800
2025-04-21,210.83999633789065,211.33999633789065,202.41000366210935,205.16000366210935,1744400
2025-04-22,208.1300048828125,211.75,207.07000732421875,209.97000122070312,1492600
2025-04-23,212.07000732421875,215.97000122070312,211.0,213.3000030517578,1713600
2025-04-24,213.8000030517578,224.5800018310547,213.3000030517578,222.69000244140625,2966600
2025-04-25,222.6499938964844,225.4900054931641,222.27999877929688,225.3800048828125,1534600
2025-04-28,227.25,229.0,223.58999633789065,225.5500030517578,2071700
2025-04-29,225.1999969482422,231.22999572753903,225.1999969482422,230.7100067138672,1621200
2025-04-30,227.0,234.08999633789065,225.3999938964844,233.32000732421875,2234200
2025-05-01,234.1199951171875,238.0,233.4199981689453,235.1699981689453,2175100
2025-05-02,214.4499969482422,224.72000122070312,211.0,219.5,8968300
2025-05-05,218.5,225.82000732421875,217.7400054931641,225.32000732421875,2828200
2025-05-06,223.50999450683597,232.2100067138672,222.2400054931641,231.83999633789065,2812000
2025-05-07,232.1100006103516,232.94000244140625,225.33999633789065,226.33999633789065,2786100
2025-05-08,227.1100006103516,227.97999572753903,224.38999938964844,225.4499969482422,1773800
2025-05-09,225.4499969482422,227.4900054931641,223.0500030517578,226.5500030517578,1524700
2025-05-12,226.0800018310547,227.88999938964844,219.41000366210935,226.25,2080100
2025-05-13,225.8600006103516,228.3000030517578,224.30999755859372,226.16000366210935,2116700
2025-05-14,225.7100067138672,229.6699981689453,224.88999938964844,229.5,2140200
2025-05-15,228.75,233.75999450683597,228.3999938964844,232.33999633789065,3081500
2025-05-16,236.5800018310547,240.77999877929688,226.1100006103516,226.7400054931641,4381400
2025-05-19,226.7400054931641,235.72000122070312,225.4499969482422,234.66000366210935,2190000
2025-05-20,233.0200042724609,237.6199951171875,232.5399932861328,237.5,1729500
2025-05-21,228.02999877929688,231.63999938964844,226.6699981689453,226.75999450683597,6081100
2025-05-22,228.02999877929688,228.3999938964844,223.1199951171875,226.00999450683597,4750900
2025-05-23,225.9199981689453,226.16000366210935,224.0,224.9900054931641,1862800
2025-05-27,226.0,227.5,224.0,226.2700042724609,2372000
2025-05-28,226.33999633789065,229.8800048828125,226.33999633789065,228.3300018310547,2077600
2025-05-29,228.66000366210935,228.66000366210935,223.72000122070312,225.38999938964844,2137500
2025-05-30,225.3999938964844,226.9499969482422,224.25999450683597,226.27999877929688,3647800
2025-06-02,226.1000061035156,227.6300048828125,222.1199951171875,227.6000061035156,2472600
2025-06-03,227.0,229.8500061035156,224.0,229.6499938964844,1832200
2025-06-04,229.5200042724609,230.3999938964844,227.1999969482422,229.17999267578125,1757500
2025-06-05,229.5500030517578,232.77999877929688,228.8300018310547,231.02999877929688,2340200
2025-06-06,232.97999572753903,233.1999969482422,230.47000122070312,232.72000122070312,1497000
2025-06-09,232.2700042724609,234.3300018310547,230.38999938964844,233.5,1426200
2025-06-10,233.47000122070312,235.6199951171875,231.8999938964844,234.91000366210935,1596600
2025-06-11,234.3300018310547,235.6699981689453,232.2400054931641,234.7400054931641,1277500
2025-06-12,234.1199951171875,237.38999938964844,233.6100006103516,234.4600067138672,1441000
2025-06-13,232.92999267578125,235.8000030517578,229.58999633789065,230.22999572753903,2011400
2025-06-16,230.9499969482422,240.44000244140625,230.6699981689453,238.6000061035156,2220100
2025-06-17,238.6100006103516,239.55999755859372,236.1499938964844,237.5200042724609,1713100
2025-06-18,237.6999969482422,242.08999633789065,235.6699981689453,238.5,2510600
2025-06-20,240.08999633789065,242.27999877929688,236.97999572753903,238.3699951171875,3448500
2025-06-23,238.30999755859372,241.9600067138672,235.5500030517578,241.58999633789065,1719000
2025-06-24,242.3699951171875,245.0800018310547,240.6199951171875,243.0500030517578,1943300
2025-06-25,243.47000122070312,244.44000244140625,240.80999755859372,241.63999938964844,1526800
2025-06-26,241.3800048828125,242.75999450683597,238.66000366210935,239.3300018310547,1667000
2025-06-27,239.5500030517578,241.91000366210935,238.8800048828125,241.44000244140625,4576800
2025-06-30,242.67999267578125,244.5,237.30999755859372,242.8500061035156,3236600
2025-07-01,242.42999267578125,243.8999938964844,238.1100006103516,240.1000061035156,1932500
2025-07-02,239.92999267578125,242.27999877929688,238.82000732421875,239.50999450683597,1640400
2025-07-03,240.16000366210935,240.9900054931641,237.00999450683597,240.1100006103516,1008300
2025-07-07,240.63999938964844,243.19000244140625,239.83999633789065,242.52999877929688,1924500
2025-07-08,242.52999877929688,243.1300048828125,239.50999450683597,240.55999755859372,1083300
2025-07-09,241.3500061035156,243.17999267578125,240.16000366210935,242.22999572753903,1369400
2025-07-10,241.6699981689453,242.52999877929688,234.6000061035156,235.3300018310547,2471600
2025-07-11,235.77999877929688,236.52999877929688,233.1499938964844,233.9199981689453,1429400
2025-07-14,234.0,239.16000366210935,233.5,238.4600067138672,1340000
2025-07-15,237.8000030517578,241.07000732421875,236.1999969482422,237.6999969482422,2203400
2025-07-16,238.7899932861328,239.6000061035156,236.91000366210935,238.72999572753903,1660300
2025-07-17,238.72999572753903,238.9600067138672,230.3999938964844,233.9199981689453,2106100
2025-07-18,233.97000122070312,234.9499969482422,227.4499969482422,231.17999267578125,3170400
2025-07-21,232.0800018310547,233.2400054931641,230.05999755859372,231.6300048828125,1355800
2025-07-22,232.1300048828125,232.8500061035156,229.1000061035156,231.07000732421875,1777000
2025-07-23,230.4499969482422,231.2899932861328,227.8699951171875,228.72999572753903,1331200
2025-07-24,228.17999267578125,229.41000366210935,225.3300018310547,225.75,1608100
2025-07-25,226.0,227.2100067138672,223.0399932861328,224.75,1895500
2025-07-28,228.22999572753903,228.66000366210935,224.41000366210935,226.1000061035156,1421600
2025-07-29,227.1499938964844,227.3600006103516,222.5,223.97999572753903,1857400
2025-07-30,224.0500030517578,225.9199981689453,223.0500030517578,223.80999755859372,1512000
2025-07-31,224.6199951171875,225.30999755859372,222.3000030517578,222.72999572753903,1644000
2025-08-01,222.82000732421875,222.82000732421875,219.07000732421875,220.5800018310547,1396300
2025-08-04,222.83999633789065,226.38999938964844,221.6199951171875,225.9900054931641,1875300
2025-08-05,226.17999267578125,227.9900054931641,225.41000366210935,225.9199981689453,1398000
2025-08-06,226.66000366210935,227.6699981689453,224.0,227.2100067138672,1544400
2025-08-07,227.75,228.50999450683597,222.3800048828125,226.4900054931641,2267100
2025-08-08,237.5200042724609,239.13999938964844,216.33999633789065,217.3699951171875,5619200
2025-08-11,219.3600006103516,226.57000732421875,218.3999938964844,222.6699981689453,3191100
2025-08-12,224.44000244140625,232.77999877929688,224.1999969482422,232.55999755859372,2440000
2025-08-13,233.2899932861328,236.2400054931641,230.6999969482422,236.13999938964844,2105700
2025-08-14,235.3000030517578,238.38999938964844,232.1999969482422,233.16000366210935,1688700
2025-08-15,233.6499938964844,233.6499938964844,229.58999633789065,232.17999267578125,1376600
2025-08-18,233.47000122070312,235.6000061035156,231.5200042724609,232.5500030517578,1428600
2025-08-19,232.1000061035156,232.4499969482422,227.75,228.3600006103516,1366200
2025-08-20,227.3800048828125,229.4499969482422,225.5399932861328,228.6699981689453,1327300
2025-08-21,227.47000122070312,228.7899932861328,226.27999877929688,227.8699951171875,950500
2025-08-22,228.6699981689453,230.07000732421875,226.75,229.02999877929688,1089300
2025-08-25,228.6699981689453,232.9900054931641,228.5,231.8300018310547,1187900
2025-08-26,231.3600006103516,233.5500030517578,230.3300018310547,230.82000732421875,2165300
2025-08-27,230.5200042724609,232.33999633789065,228.75,232.02999877929688,1030000
2025-08-28,230.63999938964844,235.02999877929688,230.63999938964844,234.8999938964844,1127100
2025-08-29,234.27999877929688,235.9900054931641,232.6100006103516,233.2700042724609,989000
2025-09-02,231.16000366210935,241.0800018310547,229.3300018310547,240.9499969482422,1860300
2025-09-03,241.0,242.3000030517578,237.02999877929688,238.8600006103516,1208700
2025-09-04,238.52999877929688,240.83999633789065,237.3699951171875,240.6499938964844,915400
2025-09-05,242.0,242.69000244140625,236.94000244140625,239.67999267578125,979400
2025-09-08,241.77999877929688,250.4499969482422,241.3999938964844,248.77999877929688,2214500
2025-09-09,249.27999877929688,250.0,247.2700042724609,247.8600006103516,997500
2025-09-10,248.5800018310547,248.5800018310547,243.4600067138672,244.0399932861328,1116400
2025-09-11,246.07000732421875,248.0,244.88999938964844,246.5399932861328,976800
2025-09-12,245.97000122070312,248.3000030517578,244.02999877929688,246.25999450683597,1001700
2025-09-15,246.25,250.25,245.9199981689453,247.25,1333400
2025-09-16,247.5399932861328,250.9600067138672,246.72000122070312,247.72999572753903,1764100
2025-09-17,248.0,251.1999969482422,245.6999969482422,250.5200042724609,1690900
2025-09-18,251.08999633789065,252.6100006103516,249.1100006103516,249.7400054931641,2167000
2025-09-19,251.9600067138672,252.3999938964844,247.80999755859372,250.8500061035156,3620100
2025-09-22,249.38999938964844,255.3300018310547,249.38999938964844,251.63999938964844,1609300
2025-09-23,251.63999938964844,254.1199951171875,250.83999633789065,251.27999877929688,1572700
2025-09-24,253.05999755859372,253.05999755859372,239.4600067138672,244.1199951171875,2075900
2025-09-25,244.08999633789065,246.1300048828125,242.6199951171875,245.1100006103516,1188900
2025-09-26,246.32000732421875,258.1000061035156,245.4900054931641,256.1199951171875,3480600
2025-09-29,257.57000732421875,261.4700012207031,254.5500030517578,259.9599914550781,2670900
2025-09-30,259.70001220703125,261.1499938964844,256.1600036621094,258.3599853515625,1986500
2025-10-01,256.69000244140625,258.4200134277344,253.1999969482422,255.3999938964844,1626100
2025-10-02,255.3999938964844,257.3299865722656,252.5500030517578,256.94000244140625,1366000
2025-10-03,256.6700134277344,261.0899963378906,255.50999450683597,257.67999267578125,1728200
2025-10-06,258.6499938964844,259.9599914550781,256.1000061035156,256.9800109863281,1399800
2025-10-07,257.5,261.0899963378906,257.5,260.5,1383200
2025-10-08,261.1099853515625,262.19000244140625,255.57000732421875,258.07000732421875,1332900
2025-10-09,259.3399963378906,259.3800048828125,255.8600006103516,256.69000244140625,923300
2025-10-10,256.0899963378906,258.1400146484375,250.9499969482422,251.97000122070312,1350300
2025-10-13,253.3000030517578,257.4200134277344,251.5,256.67999267578125,931200
2025-10-14,256.989990234375,260.7300109863281,254.5500030517578,257.7200012207031,900000
2025-10-15,259.4200134277344,264.7900085449219,259.3800048828125,261.5,1325300
2025-10-16,262.7200012207031,264.3399963378906,257.5400085449219,259.2300109863281,1327000
2025-10-17,259.2300109863281,263.0,258.2200012207031,261.3500061035156,1001800
2025-10-20,262.2200012207031,262.95001220703125,260.3699951171875,262.2900085449219,1340100
2025-10-21,261.2900085449219,262.20001220703125,258.3299865722656,260.2799987792969,916000
2025-10-22,261.0,261.0599975585937,254.94000244140625,255.55999755859372,1590400
2025-10-23,255.33999633789065,256.989990234375,254.25,254.52999877929688,1042000
2025-10-24,255.9499969482422,258.0299987792969,254.3999938964844,255.1199951171875,957400
2025-10-27,256.2900085449219,257.010009765625,252.1499938964844,254.2700042724609,1318200
2025-10-28,254.63999938964844,256.20001220703125,251.41000366210935,251.57000732421875,1455600
2025-10-29,250.1199951171875,252.75,249.2400054931641,251.72999572753903,1520300
2025-10-30,251.4600067138672,255.97999572753903,250.0,252.77999877929688,1264900
2025-10-31,253.16000366210935,257.0899963378906,253.16000366210935,256.3699951171875,1411100
2025-11-03,257.75,257.75,251.3300018310547,255.6499938964844,1513300
2025-11-04,256.0599975585937,256.0599975585937,250.3300018310547,252.42999267578125,1818500
2025-11-05,253.7100067138672,256.2699890136719,249.9900054931641,254.75999450683597,2309400
2025-11-06,253.08999633789065,256.9200134277344,252.0399932861328,252.3999938964844,3324700
2025-11-07,232.02999877929688,243.55999755859372,227.25,232.0,5792500
2025-11-10,231.97000122070312,237.0200042724609,229.1000061035156,234.05999755859372,3222600
2025-11-11,234.05999755859372,241.42999267578125,233.1999969482422,240.6999969482422,2072300
2025-11-12,241.0500030517578,242.6000061035156,238.2899932861328,240.33999633789065,1317400
2025-11-13,239.5200042724609,242.08999633789065,237.2700042724609,237.5500030517578,1358200
2025-11-14,235.9499969482422,238.2700042724609,234.00999450683597,235.02999877929688,1542800
2025-11-17,235.1100006103516,236.47999572753903,232.2400054931641,233.5800018310547,1456900
2025-11-18,233.3999938964844,239.9199981689453,231.5,239.08999633789065,1867400
2025-11-19,238.5200042724609,244.2400054931641,236.6300048828125,240.4600067138672,2097100
2025-11-20,242.41000366210935,243.4499969482422,234.4199981689453,235.3699951171875,1717300
2025-11-21,234.8600006103516,238.3699951171875,234.0200042724609,235.47000122070312,1759800
2025-11-24,234.8999938964844,240.3699951171875,234.88999938964844,239.07000732421875,2272200
2025-11-25,239.6199951171875,242.4199981689453,238.80999755859372,241.83999633789065,1142000
2025-11-26,242.5,245.5399932861328,241.8600006103516,243.6300048828125,1026800
2025-11-28,244.77999877929688,246.4900054931641,243.7400054931641,246.07000732421875,590100
2025-12-01,246.07000732421875,249.8500061035156,242.5,249.33999633789065,1706700
2025-12-02,249.2400054931641,250.0,246.55999755859372,246.8300018310547,1321300
2025-12-03,246.25999450683597,246.5500030517578,242.97999572753903,244.9499969482422,849300
2025-12-04,244.2100067138672,247.8999938964844,242.19000244140625,247.50999450683597,1013900
2025-12-05,247.6999969482422,251.33999633789065,246.83999633789065,247.8800048828125,1362400
2025-12-08,248.5200042724609,248.9499969482422,245.9900054931641,247.27999877929688,1096100
2025-12-09,247.0,249.5,246.22999572753903,248.72999572753903,1356600
2025-12-10,249.2899932861328,250.17999267578125,245.3600006103516,246.0200042724609,1150000
2025-12-11,244.00999450683597,246.7400054931641,242.05999755859372,242.41000366210935,1478400
2025-12-12,242.16000366210935,243.3000030517578,240.5,241.47000122070312,1529900
2025-12-15,244.27999877929688,246.83999633789065,242.6499938964844,244.55999755859372,1888600
2025-12-16,244.5,246.91000366210935,243.19000244140625,244.52999877929688,1526900
2025-12-17,244.69000244140625,246.1999969482422,240.27999877929688,240.5500030517578,1563900
2025-12-18,242.97999572753903,246.8500061035156,241.3800048828125,246.6499938964844,1810300
2025-12-19,246.1999969482422,250.3800048828125,244.38999938964844,247.3999938964844,3905400
2025-12-22,247.3999938964844,249.77999877929688,247.05999755859372,248.5800018310547,1084600
2025-12-23,248.5399932861328,249.4600067138672,247.66000366210935,249.22999572753903,648200
2025-12-24,249.22999572753903,251.72000122070312,248.75999450683597,251.6000061035156,485800
2025-12-26,250.7400054931641,256.2900085449219,249.83999633789065,256.0899963378906,920700
2025-12-29,255.0,256.57000732421875,254.16000366210935,255.6999969482422,1076200
2025-12-30,255.41000366210935,260.0400085449219,254.4600067138672,257.9100036621094,1073400
2025-12-31,257.9100036621094,258.3900146484375,255.91000366210935,256.0299987792969,808000
2026-01-02,257.7099914550781,257.7099914550781,250.1999969482422,251.6000061035156,1317900
2026-01-05,252.42999267578125,258.5599975585937,251.3500061035156,257.3099975585937,1108700
2026-01-06,257.2900085449219,257.79998779296875,253.5800018310547,254.3500061035156,922100
2026-01-07,253.66000366210935,257.1499938964844,251.27999877929688,256.6700134277344,1192400
2026-01-08,256.94000244140625,257.9100036621094,250.58999633789065,252.3800048828125,1567800
2026-01-09,252.7100067138672,254.8000030517578,249.33999633789065,250.7100067138672,1013600
2026-01-12,249.0399932861328,251.2100067138672,245.7400054931641,248.9199981689453,1177100
2026-01-13,248.94000244140625,250.4900054931641,244.7700042724609,247.4900054931641,1158600
2026-01-14,246.67999267578125,246.75,241.50999450683597,245.4900054931641,1454700
2026-01-15,245.47999572753903,246.0,242.5500030517578,244.33999633789065,1083900
2026-01-16,244.97000122070312,245.02999877929688,239.0,240.13999938964844,1718300
2026-01-20,239.0,242.9199981689453,237.05999755859372,240.6100006103516,1350400
2026-01-21,240.6100006103516,241.0,236.00999450683597,238.22999572753903,1267600
2026-01-22,239.55999755859372,241.5500030517578,233.8500061035156,241.1000061035156,1625500
2026-01-23,241.13999938964844,245.82000732421875,240.94000244140625,245.72999572753903,1174900
2026-01-26,245.57000732421875,247.1999969482422,244.05999755859372,245.6300048828125,1204700
2026-01-27,246.0500030517578,248.5399932861328,242.72999572753903,245.5200042724609,1173800
2026-01-28,245.9900054931641,248.5500030517578,242.3300018310547,243.17999267578125,1554600
2026-01-29,241.0399932861328,243.7100067138672,236.1300048828125,239.2700042724609,1907100
2026-01-30,237.6699981689453,238.1499938964844,211.1300048828125,220.3000030517578,9097800
2026-02-02,225.50999450683597,229.0800018310547,220.3500061035156,221.80999755859372,4345800
2026-02-03,220.97999572753903,221.16000366210935,206.6100006103516,212.1699981689453,5266500
2026-02-04,207.7100067138672,209.0500030517578,197.4499969482422,200.75999450683597,5743300
2026-02-05,201.77999877929688,203.77999877929688,192.1999969482422,193.2400054931641,3995400
2026-02-06,197.4199981689453,198.07000732421875,189.4499969482422,195.58999633789065,3100300
2026-02-09,197.5,205.66000366210935,196.3300018310547,205.02999877929688,4129000
2026-02-10,212.4900054931641,213.52999877929688,208.72999572753903,210.7100067138672,4145200
2026-02-11,208.0,210.2400054931641,199.3600006103516,203.88999938964844,4207300
2026-02-12,203.3999938964844,204.1999969482422,189.2899932861328,190.3600006103516,5020800
2026-02-13,191.8999938964844,194.67999267578125,188.6499938964844,193.6699981689453,2575400
2026-02-17,193.6499938964844,196.8300018310547,191.8800048828125,193.8699951171875,2160800
2026-02-18,194.72999572753903,200.08999633789065,193.88999938964844,199.1300048828125,1931000
2026-02-19,199.02999877929688,204.6000061035156,198.75,201.3699951171875,2139600
2026-02-20,199.1199951171875,202.94000244140625,197.1999969482422,199.72000122070312,1872600
2026-02-23,199.1699981689453,199.3300018310547,194.13999938964844,195.58999633789065,1962800
2026-02-24,194.7700042724609,204.50999450683597,192.6300048828125,204.19000244140625,1982500
2026-02-25,204.8500061035156,207.97999572753903,202.83999633789065,207.30999755859372,2416600
2026-02-26,207.75999450683597,214.1499938964844,207.75,213.2899932861328,2231300
2026-02-27,210.30999755859372,213.67999267578125,209.3699951171875,211.47999572753903,2234800
2026-03-02,209.0,215.9600067138672,208.77999877929688,213.8800048828125,1966800
2026-03-03,209.77999877929688,221.0800018310547,208.50999450683597,217.0500030517578,2367200
2026-03-04,217.9199981689453,219.4499969482422,211.32000732421875,215.7700042724609,2471000
2026-03-05,213.08999633789065,216.1699981689453,210.82000732421875,212.52999877929688,2112200
2026-03-06,210.82000732421875,212.4600067138672,208.69000244140625,211.5,1587400
2026-03-09,208.69000244140625,214.83999633789065,208.00999450683597,214.6300048828125,1876300
2026-03-10,214.7700042724609,216.0,207.8000030517578,209.0800018310547,1877800
2026-03-11,209.1300048828125,211.63999938964844,207.5,211.08999633789065,1868800
2026-03-12,210.67999267578125,212.80999755859372,208.1699981689453,209.1999969482422,1351900
2026-03-13,209.3300018310547,210.3500061035156,203.8999938964844,208.5800018310547,1633800
2026-03-16,209.4600067138672,212.0200042724609,207.4499969482422,207.69000244140625,2129900
2026-03-17,209.05999755859372,213.0,206.44000244140625,206.72000122070312,1587400
2026-03-18,204.8000030517578,208.8999938964844,203.6199951171875,204.22000122070312,1497500
2026-03-19,203.3999938964844,206.3800048828125,199.5500030517578,201.75,1626000
2026-03-20,200.7100067138672,202.38999938964844,198.0200042724609,200.6300048828125,3698600
2026-03-23,201.33999633789065,203.44000244140625,199.19000244140625,200.83999633789065,1875900
2026-03-24,199.57000732421875,199.9199981689453,191.0,191.3699951171875,2465200
2026-03-25,194.05999755859372,195.88999938964844,188.22999572753903,193.0500030517578,1931200
2026-03-26,190.5,197.1699981689453,190.3500061035156,194.72000122070312,1677400
2026-03-27,193.0,194.0,187.6300048828125,189.69000244140625,1867400
2026-03-30,192.7899932861328,195.6199951171875,191.22999572753903,193.0800018310547,2086700
2026-03-31,194.2400054931641,198.50999450683597,193.3800048828125,197.5,2085100
2026-04-01,198.0,199.47999572753903,196.5500030517578,198.1999969482422,1348600
2026-04-02,195.1100006103516,202.1300048828125,193.8999938964844,199.8699951171875,1473500
2026-04-06,199.8000030517578,199.9199981689453,193.7899932861328,196.69000244140625,1405700
2026-04-07,195.83999633789065,198.6300048828125,193.94000244140625,198.3300018310547,1247500
2026-04-08,202.82000732421875,205.1100006103516,201.1300048828125,202.1300048828125,1646600
2026-04-09,201.00999450683597,201.2100067138672,197.58999633789065,198.0500030517578,1493800
2026-04-10,197.3999938964844,199.2100067138672,194.50999450683597,197.07000732421875,1532900
2026-04-13,197.47999572753903,202.19000244140625,196.00999450683597,201.3600006103516,2078800
2026-04-14,202.5200042724609,207.83999633789065,202.25999450683597,205.1000061035156,1731000
2026-04-15,207.66000366210935,215.3699951171875,206.5800018310547,214.1499938964844,1951700
2026-04-16,216.72999572753903,217.0500030517578,212.75,213.92999267578125,1384000
2026-04-17,217.9199981689453,218.6999969482422,211.72000122070312,212.0399932861328,1791900
