Date,Open,High,Low,Close,Volume
2015-08-13,15.29,16.1,15.2,16.08,429390
2015-08-14,16.07,16.5,15.9,16.08,457930
2015-08-17,16.2,17.15,16.2,17.12,578457
2015-08-18,17.37,17.53,15.41,15.41,720410
2015-08-19,14.89,16.15,14.15,15.92,422291
2015-08-20,15.6,16.61,15.44,15.6,446689
2015-08-21,15.35,15.64,14.2,14.25,302211
2015-08-24,13.44,13.74,12.83,12.83,198167
2015-08-25,11.55,11.78,11.55,11.55,262829
2015-08-26,11.4,11.87,10.4,10.4,441486
2015-08-27,10.71,10.94,9.8,10.73,407084
2015-08-28,10.99,11.64,10.82,11.59,437401
2015-08-31,11.44,11.56,10.84,11.44,331436
2015-09-01,11.2,11.31,10.3,11.02,413237
2015-09-02,10.39,11.37,10.2,10.24,249207
2015-09-07,10.43,10.85,10.35,10.48,237951
2015-09-08,10.41,11.09,10.25,10.95,212029
2015-09-09,11.07,11.63,11.07,11.62,370327
2015-09-10,11.35,11.62,11.2,11.26,259446
2015-09-11,11.28,11.56,11.16,11.39,200698
2015-09-14,11.53,11.59,10.25,10.25,296295
2015-09-15,10.0,10.5,9.33,9.51,277230
2015-09-16,9.66,10.46,9.51,10.34,260873
2015-09-17,10.3,11.03,10.15,10.16,327178
2015-09-18,10.35,10.43,9.9,10.18,240551
2015-09-21,9.98,10.55,9.93,10.52,228258
2015-09-22,10.55,10.93,10.42,10.74,337908
2015-09-23,10.5,10.52,10.25,10.32,219440
2015-09-24,10.33,10.6,10.33,10.5,176752
2015-09-25,10.47,10.55,10.01,10.1,176084
2015-09-28,10.14,10.43,9.98,10.37,107840
2015-09-29,10.18,10.18,9.99,10.09,110296
2015-09-30,10.1,10.36,10.1,10.18,100748
2015-10-08,10.69,10.84,10.55,10.76,236245
2015-10-09,10.66,11.49,10.66,11.39,436564
2015-10-12,11.6,12.11,11.46,11.93,464520
2015-10-13,11.78,12.12,11.68,11.95,303768
2015-10-14,11.94,12.37,11.78,11.99,333046
2015-10-15,11.91,12.5,11.81,12.5,416253
2015-10-16,12.48,12.62,12.25,12.56,411223
2015-10-19,12.49,12.49,12.07,12.18,358024
2015-10-20,12.06,12.3,11.96,12.19,300725
2015-10-21,12.16,12.3,11.01,11.09,400242
2015-10-22,11.09,11.7,11.05,11.49,264650
2015-10-23,11.55,11.76,11.4,11.71,306296
2015-10-26,11.88,12.08,11.6,11.82,382241
2015-10-27,11.67,11.78,11.2,11.62,432233
2015-10-28,11.5,12.13,11.46,11.65,512224
2015-10-29,11.7,11.88,11.6,11.74,311863
2015-10-30,11.64,11.68,11.23,11.36,308681
2015-11-02,11.18,11.39,11.01,11.03,209222
2015-11-03,11.11,11.25,10.96,11.1,165867
2015-11-04,11.11,11.79,11.11,11.77,349729
2015-11-05,11.78,12.4,11.72,12.08,626074
2015-11-06,12.02,12.36,11.94,12.33,478537
2015-11-09,12.2,12.67,12.04,12.45,541354
2015-11-10,12.3,13.7,12.25,13.62,904040
2015-11-11,13.2,13.4,12.88,13.17,558430
2015-11-12,13.19,13.68,13.02,13.3,523048
2015-11-13,12.98,13.06,12.5,12.54,445426
2015-11-16,12.3,12.98,12.21,12.93,335824
2015-11-17,12.93,13.29,12.65,12.7,442679
2015-11-18,12.68,12.96,12.5,12.61,239468
2015-11-19,12.63,13.2,12.63,13.13,309989
2015-11-20,13.16,13.36,13.01,13.21,339322
2015-11-23,13.19,13.19,12.59,12.69,346554
2015-11-24,12.52,12.67,12.36,12.67,224689
2015-11-25,12.78,13.12,12.69,12.87,273616
2015-11-26,13.06,13.87,12.85,13.29,497561
2015-11-27,13.22,13.64,12.15,12.38,409442
2015-11-30,12.45,12.57,11.63,12.01,312924
2015-12-01,12.05,12.4,11.99,12.24,206978
2015-12-02,12.16,12.65,11.99,12.65,348560
2015-12-03,12.51,12.86,12.35,12.82,289977
2015-12-04,12.7,12.79,12.3,12.43,285932
2015-12-07,12.56,12.88,12.54,12.78,266138
2015-12-08,12.58,12.58,12.1,12.23,275025
2015-12-09,12.2,12.44,11.97,12.12,230330
2015-12-10,12.13,12.3,11.97,12.1,235369
2015-12-11,12.0,12.9,11.9,12.61,466367
2015-12-14,12.5,13.7,12.41,13.25,693162
2015-12-15,13.19,13.34,12.9,13.06,451285
2015-12-16,13.04,13.89,13.0,13.39,649753
2015-12-17,13.6,14.09,13.34,13.75,667627
2015-12-18,13.65,14.4,13.42,14.33,722090
2015-12-21,14.74,15.0,14.41,14.61,695917
2015-12-22,14.55,15.23,14.4,14.49,570406
2015-12-23,14.32,14.36,13.88,13.97,527432
2015-12-24,14.05,14.25,13.63,13.91,376326
2015-12-25,13.85,14.16,13.77,13.98,281378
2015-12-28,13.93,14.02,13.3,13.32,409709
2015-12-29,13.38,13.57,13.27,13.55,215754
2015-12-30,13.77,13.8,13.45,13.6,216064
2015-12-31,13.59,13.72,13.41,13.46,207249
2016-01-04,13.37,13.45,12.11,12.11,243580
2016-01-05,11.51,12.0,11.0,11.75,511750
2016-01-06,11.72,12.45,11.63,12.29,473234
2016-01-07,11.98,11.98,11.06,11.06,130291
2016-01-08,11.4,11.78,10.7,11.54,416215
2016-01-11,11.25,11.6,10.42,10.44,385077
2016-01-12,10.4,10.88,10.3,10.56,264746
2016-01-13,10.6,10.82,10.1,10.18,249588
2016-01-14,9.89,10.51,9.8,10.43,250590
2016-01-15,10.36,10.5,9.66,9.76,255551
2016-01-18,9.65,10.07,9.53,9.92,200304
2016-01-19,9.92,10.35,9.9,10.32,234400
2016-01-20,10.18,10.4,10.03,10.13,209043
2016-01-21,10.31,10.64,9.81,9.92,445910
2016-01-22,10.15,10.29,9.8,10.2,282751
2016-01-25,10.44,10.48,10.2,10.3,255913
2016-01-26,10.16,10.19,9.27,9.28,303828
2016-01-27,9.28,9.28,9.28,9.28,0
2016-01-28,9.28,9.28,9.28,9.28,0
2016-01-29,9.28,9.28,9.28,9.28,0
2016-02-01,9.28,9.28,9.28,9.28,0
2016-02-02,9.28,9.28,9.28,9.28,0
2016-02-03,9.28,9.28,9.28,9.28,0
2016-02-04,9.28,9.28,9.28,9.28,0
2016-02-05,9.28,9.28,9.28,9.28,0
2016-02-15,9.28,9.28,9.28,9.28,0
2016-02-16,9.28,9.28,9.28,9.28,0
2016-02-17,10.21,10.21,10.21,10.21,60771
2016-02-18,10.65,11.07,10.46,10.49,749571
2016-02-19,10.35,10.69,10.31,10.45,350050
2016-02-22,10.58,11.39,10.55,11.05,657416
2016-02-23,10.92,11.4,10.8,11.32,599539
2016-02-24,11.13,11.56,10.94,11.56,502318
2016-02-25,11.9,12.48,11.02,11.2,1126992
2016-02-26,11.23,11.93,10.7,11.81,806926
2016-02-29,11.5,11.67,10.63,11.1,632323
2016-03-01,11.06,12.21,10.85,11.96,828948
2016-03-02,11.9,13.16,11.78,13.16,892547
2016-03-03,13.8,14.3,13.28,13.51,1136586
2016-03-04,13.99,14.34,13.1,13.15,981734
2016-03-07,13.8,14.36,13.4,14.11,1017724
2016-03-08,14.3,14.39,13.18,13.62,971998
2016-03-09,12.7,12.88,12.26,12.26,996317
2016-03-10,12.19,12.34,11.66,11.73,624330
2016-03-11,11.65,12.03,11.56,11.8,394593
2016-03-14,11.82,12.38,11.72,12.13,537758
2016-03-15,11.95,12.0,11.4,11.5,444871
2016-03-16,11.57,11.85,11.4,11.65,389539
2016-03-17,11.97,12.16,11.75,12.03,470923
2016-03-18,12.35,12.99,12.26,12.51,654474
2016-03-21,12.47,12.88,12.24,12.75,668363
2016-03-22,12.6,12.88,12.32,12.48,583079
2016-03-23,12.5,12.93,12.41,12.62,529517
2016-03-24,12.27,12.44,12.01,12.22,555204
2016-03-25,12.25,12.32,11.9,12.13,365633
2016-03-28,12.18,12.44,11.9,11.96,330058
2016-03-29,11.86,12.14,11.59,11.9,321447
2016-03-30,12.03,12.24,11.94,12.2,311078
2016-03-31,12.16,12.31,11.93,12.06,337819
2016-04-01,11.99,12.5,11.94,12.48,524961
2016-04-05,12.5,12.55,12.19,12.55,442475
2016-04-06,12.43,12.53,12.09,12.23,366532
2016-04-07,12.36,12.38,11.9,11.9,319345
2016-04-08,11.63,11.69,11.15,11.4,411966
2016-04-11,11.51,12.0,11.49,11.77,371104
2016-04-12,11.73,11.75,11.39,11.55,268084
2016-04-13,11.99,12.71,11.99,12.71,656378
2016-04-14,12.73,12.78,11.7,12.43,632906
2016-04-15,12.43,12.63,12.34,12.47,356823
2016-04-18,12.3,12.3,11.95,12.09,331392
2016-04-19,12.24,12.45,12.02,12.16,346018
2016-04-20,12.41,12.46,11.41,11.68,498347
2016-04-21,11.76,12.57,11.69,12.13,648500
2016-04-22,11.8,11.98,11.5,11.91,366712
2016-04-25,11.82,12.2,11.58,12.15,264839
2016-04-26,12.1,12.2,11.8,12.09,226115
2016-04-27,12.14,12.25,11.83,11.88,271275
2016-04-28,11.85,11.85,11.29,11.55,328888
2016-04-29,11.49,11.73,11.44,11.49,191062
2016-05-03,11.56,11.85,11.42,11.84,290032
2016-05-04,11.7,11.77,11.58,11.7,189381
2016-05-05,11.67,11.91,11.54,11.86,313443
2016-05-06,11.78,11.85,11.22,11.23,393793
2016-05-09,11.19,11.19,10.3,10.37,395006
2016-05-10,10.28,10.46,10.05,10.24,252867
2016-05-11,10.38,10.38,10.15,10.18,167261
2016-05-12,10.01,10.29,9.86,10.24,175142
2016-05-13,10.06,10.24,10.0,10.09,148104
2016-05-16,10.09,10.5,10.01,10.39,210392
2016-05-17,10.39,10.6,10.34,10.37,243572
2016-05-18,10.26,10.28,9.94,10.08,200907
2016-05-19,10.04,10.4,10.04,10.18,187844
2016-05-20,10.03,10.38,10.01,10.35,171236
2016-05-23,10.3,10.42,10.26,10.34,177915
2016-05-24,10.25,10.25,10.05,10.14,139669
2016-05-25,10.23,10.3,10.09,10.16,116200
2016-05-26,10.17,10.32,9.99,10.31,188160
2016-05-27,10.25,10.34,10.19,10.22,144738
2016-05-30,10.23,10.47,10.11,10.37,221464
2016-05-31,10.36,10.99,10.33,10.9,373537
2016-06-01,10.8,11.37,10.76,11.04,484951
2016-06-02,11.1,11.39,11.04,11.14,311017
2016-06-03,11.17,11.35,11.05,11.15,326660
2016-06-06,11.15,11.15,11.15,11.15,0
2016-06-07,11.15,11.15,11.15,11.15,0
2016-06-08,11.15,11.15,11.15,11.15,0
2016-06-13,11.15,11.15,11.15,11.15,0
2016-06-14,11.15,11.15,11.15,11.15,0
2016-06-15,11.15,11.15,11.15,11.15,0
2016-06-16,11.15,11.15,11.15,11.15,0
2016-06-17,11.15,11.15,11.15,11.15,0
2016-06-20,11.15,11.15,11.15,11.15,0
2016-06-21,11.4,11.85,10.87,10.9,489480
2016-06-22,10.82,11.38,10.8,11.23,281299
2016-06-23,11.15,11.38,10.92,11.05,283931
2016-06-24,11.05,11.13,10.39,10.73,275656
2016-06-27,10.74,11.2,10.73,11.2,190461
2016-06-28,11.05,11.3,11.0,11.26,216776
2016-06-29,11.34,11.89,11.19,11.58,378535
2016-06-30,11.67,11.67,11.37,11.56,231633
2016-07-01,11.57,12.33,11.51,12.08,535835
2016-07-04,12.61,13.29,12.37,12.94,985415
2016-07-05,12.9,12.9,12.56,12.81,548067
2016-07-06,12.6,13.63,12.58,13.16,817228
2016-07-07,13.25,13.88,13.12,13.25,727219
2016-07-08,13.0,13.3,12.81,12.96,410693
2016-07-11,13.25,13.88,13.1,13.17,604187
2016-07-12,13.09,14.12,13.09,13.86,762398
2016-07-13,13.8,14.46,13.54,14.07,836362
2016-07-14,13.9,14.19,13.62,13.92,441508
2016-07-15,13.88,14.14,13.72,13.82,403536
2016-07-18,13.96,14.05,13.5,13.54,487050
2016-07-19,13.53,13.67,13.13,13.3,446877
2016-07-20,13.32,13.65,13.2,13.37,307562
2016-07-21,13.35,13.56,13.17,13.46,283583
2016-07-22,13.38,13.97,13.19,13.24,322853
2016-07-25,13.21,13.3,12.78,12.92,343235
2016-07-26,12.92,13.2,12.92,13.08,196885
2016-07-27,13.25,13.39,12.13,12.35,502982
2016-07-28,12.43,12.82,12.28,12.76,370159
2016-07-29,12.7,12.76,12.36,12.45,225101
2016-08-01,12.47,12.66,12.18,12.59,256989
2016-08-02,12.5,12.7,12.41,12.68,174193
2016-08-03,12.69,12.79,12.47,12.56,216911
2016-08-04,12.58,12.64,12.21,12.52,222635
2016-08-05,12.52,12.7,12.43,12.58,195701
2016-08-08,12.51,13.26,12.45,13.16,340579
2016-08-09,13.09,13.14,12.9,13.12,225133
2016-08-10,13.3,13.74,13.3,13.34,478352
2016-08-11,13.34,13.57,13.17,13.17,273726
2016-08-12,13.06,13.23,12.85,13.2,248240
2016-08-15,13.1,13.57,12.87,13.48,405678
2016-08-16,13.49,13.62,13.39,13.42,264877
2016-08-17,13.5,13.5,13.04,13.16,278590
2016-08-18,13.13,13.32,12.89,13.01,271607
2016-08-19,13.02,13.15,12.95,13.09,167728
2016-08-22,13.08,13.22,12.6,12.68,202653
2016-08-23,12.72,12.78,12.6,12.72,156820
2016-08-24,12.76,13.24,12.75,13.13,297678
2016-08-25,12.93,12.95,12.66,12.86,225567
2016-08-26,12.96,13.18,12.75,12.78,208049
2016-08-29,12.75,13.01,12.7,12.85,127432
2016-08-30,12.91,13.04,12.8,12.93,142084
2016-08-31,12.92,13.03,12.76,12.9,144447
2016-09-01,12.99,13.22,12.94,13.05,281759
2016-09-02,13.2,13.55,13.08,13.28,491292
2016-09-05,13.39,14.32,13.32,13.78,702380
2016-09-06,13.64,13.77,13.46,13.72,448361
2016-09-07,13.68,13.88,13.54,13.64,340972
2016-09-08,13.64,13.7,13.33,13.5,254300
2016-09-09,13.52,13.72,13.38,13.4,243734
2016-09-12,13.0,13.1,12.15,12.2,592623
2016-09-13,12.33,12.4,12.1,12.24,230172
2016-09-14,12.13,12.24,11.97,12.11,190508
2016-09-19,12.17,12.33,12.17,12.28,140340
2016-09-20,12.3,12.39,12.24,12.34,120250
2016-09-21,12.32,12.46,12.31,12.34,110884
2016-09-22,12.48,12.51,12.27,12.35,166247
2016-09-23,12.39,12.45,12.21,12.26,124669
2016-09-26,12.4,12.48,12.0,12.01,179681
2016-09-27,12.01,12.19,11.88,12.19,167266
2016-09-28,12.17,12.17,12.0,12.1,95722
2016-09-29,12.28,12.62,12.25,12.33,225760
2016-09-30,12.33,12.53,12.3,12.48,174116
2016-10-10,12.57,12.61,12.3,12.6,207943
2016-10-11,12.61,12.64,12.46,12.6,199400
2016-10-12,12.47,13.09,12.33,12.85,466892
2016-10-13,12.73,13.47,12.7,13.3,672433
2016-10-14,13.19,13.23,12.76,13.01,437113
2016-10-17,14.31,14.31,14.05,14.31,1003357
2016-10-18,14.28,14.88,14.18,14.6,1510091
2016-10-19,14.38,15.09,14.21,14.74,1229913
2016-10-20,14.54,14.62,14.25,14.35,721460
2016-10-21,14.38,14.71,14.01,14.36,705565
2016-10-24,14.25,14.75,14.11,14.47,773215
2016-10-25,14.48,14.88,14.25,14.76,865190
2016-10-26,14.7,14.79,14.31,14.37,601238
2016-10-27,14.4,15.08,14.21,14.86,867527
2016-10-28,14.71,14.95,14.25,14.25,729242
2016-10-31,14.33,15.19,14.2,14.96,1048863
2016-11-01,14.94,15.15,14.73,15.04,795485
2016-11-02,14.92,15.6,14.41,14.43,1321710
2016-11-03,14.3,14.78,14.08,14.48,784755
2016-11-04,14.6,14.95,14.4,14.85,781702
2016-11-07,15.0,16.28,14.8,15.72,1392806
2016-11-08,15.81,16.3,15.61,15.7,1145050
2016-11-09,15.86,16.0,15.34,15.59,864258
2016-11-10,16.14,16.47,15.76,15.82,1003464
2016-11-11,15.83,17.35,15.6,17.16,1535695
2016-11-14,16.4,16.94,16.22,16.52,1130780
2016-11-15,16.68,16.87,15.65,15.75,942074
2016-11-16,15.65,15.91,15.23,15.48,597271
2016-11-17,15.3,15.65,15.23,15.51,406405
2016-11-18,15.51,15.64,15.18,15.32,381077
2016-11-21,15.39,15.89,15.31,15.62,524795
2016-11-22,15.76,16.19,15.68,15.96,600194
2016-11-23,15.91,16.03,15.43,15.49,400437
2016-11-24,15.74,16.33,15.73,15.83,614105
2016-11-25,15.82,15.84,15.13,15.63,403015
2016-11-28,15.81,16.37,15.72,16.16,642356
2016-11-29,15.9,16.07,15.5,15.54,463302
2016-11-30,15.23,15.23,14.6,14.7,600565
2016-12-01,14.81,15.0,14.72,14.88,252558
2016-12-02,14.85,14.85,14.38,14.43,238449
2016-12-05,14.05,14.58,14.02,14.5,194996
2016-12-06,14.66,14.71,14.26,14.3,183580
2016-12-07,14.35,14.78,14.25,14.67,224440
2016-12-08,14.6,14.75,14.47,14.51,175990
2016-12-09,14.39,14.64,14.26,14.44,190550
2016-12-12,14.5,14.62,13.44,13.54,362508
2016-12-13,13.5,14.01,13.29,13.8,274177
2016-12-14,13.72,13.86,13.59,13.68,173971
2016-12-15,13.71,14.04,13.71,13.87,182684
2016-12-16,13.82,13.95,13.68,13.92,157352
2016-12-19,13.81,13.91,13.65,13.69,133267
2016-12-20,13.65,13.71,13.23,13.6,211134
2016-12-21,13.65,13.72,13.51,13.69,167567
2016-12-22,13.7,13.72,13.4,13.49,131888
2016-12-23,13.53,13.53,13.13,13.19,187345
2016-12-26,13.07,13.19,12.75,13.18,191907
2016-12-27,13.1,13.25,13.03,13.15,143188
2016-12-28,13.26,13.35,13.1,13.14,129389
2016-12-29,13.08,13.26,12.97,13.2,138698
2016-12-30,13.2,13.26,13.02,13.12,107310
2017-01-03,13.2,13.47,13.18,13.41,147261
2017-01-04,13.36,13.58,13.32,13.54,161847
2017-01-05,13.6,13.81,13.5,13.73,223246
2017-01-06,13.6,13.78,13.51,13.62,185852
2017-01-09,13.62,13.75,13.48,13.65,130407
2017-01-10,13.58,14.16,13.5,13.9,273191
2017-01-11,13.95,14.15,13.7,13.81,234688
2017-01-12,13.66,13.83,13.43,13.48,162676
2017-01-13,13.53,13.66,13.1,13.22,170722
2017-01-16,13.22,13.59,12.26,12.96,245678
2017-01-17,12.96,12.99,12.49,12.88,167720
2017-01-18,12.84,13.05,12.75,12.93,129464
2017-01-19,12.95,13.18,12.86,13.0,118844
2017-01-20,12.88,13.14,12.86,13.04,127391
2017-01-23,13.03,13.7,13.03,13.47,202892
2017-01-24,13.38,13.55,13.36,13.45,108602
2017-01-25,13.58,13.74,13.5,13.63,158945
2017-01-26,13.63,14.23,13.58,14.18,277311
2017-02-03,14.19,14.23,13.75,13.81,242951
2017-02-06,13.76,13.81,13.55,13.8,148400
2017-02-07,13.72,13.89,13.65,13.81,168780
2017-02-08,13.75,13.93,13.63,13.9,178353
2017-02-09,13.95,13.98,13.81,13.87,186753
2017-02-10,13.84,14.32,13.8,14.15,324227
2017-02-13,14.55,14.74,14.31,14.35,330415
2017-02-14,14.32,14.82,14.24,14.81,345554
2017-02-15,14.64,14.75,14.32,14.42,291831
2017-02-16,14.42,14.94,14.37,14.66,337563
2017-02-17,14.66,14.66,14.26,14.32,233171
2017-02-20,14.26,14.5,14.24,14.49,200485
2017-02-21,14.56,14.78,14.35,14.61,251457
2017-02-22,14.54,14.75,14.5,14.64,229438
2017-02-23,14.52,15.06,14.45,14.89,455453
2017-02-24,14.71,14.77,14.35,14.49,291271
2017-02-27,14.44,14.6,14.22,14.28,199161
2017-02-28,14.24,14.48,14.24,14.42,135595
2017-03-01,14.45,14.78,14.33,14.6,263131
2017-03-02,14.69,15.08,14.5,14.67,361229
2017-03-03,14.48,14.53,14.23,14.37,226904
2017-03-06,14.36,14.47,14.28,14.39,136743
2017-03-07,14.38,14.38,13.89,14.02,289480
2017-03-08,13.93,13.97,13.73,13.85,166382
2017-03-09,13.76,13.83,13.49,13.54,163895
2017-03-10,13.5,13.65,13.5,13.61,99959
2017-03-13,13.61,13.86,13.6,13.83,145498
2017-03-14,13.82,13.86,13.62,13.67,122830
2017-03-15,13.71,13.92,13.71,13.81,133250
2017-03-16,13.92,14.02,13.82,13.97,159170
2017-03-17,13.99,14.03,13.66,13.7,143199
2017-03-20,13.73,13.81,13.54,13.63,112581
2017-03-21,13.64,13.64,13.26,13.43,201530
2017-03-22,13.3,13.38,13.1,13.26,210322
2017-03-23,13.29,13.47,13.03,13.43,187009
2017-03-24,13.39,13.42,13.21,13.39,115978
2017-03-27,13.27,13.34,13.22,13.29,95244
2017-03-28,13.33,13.37,13.2,13.33,97014
2017-03-29,13.4,13.52,13.25,13.47,151298
2017-03-30,13.4,13.59,13.26,13.46,216556
2017-03-31,13.41,13.47,13.09,13.16,185440
2017-04-05,13.17,13.58,13.14,13.58,194661
2017-04-06,13.6,13.68,13.49,13.58,160962
2017-04-07,13.52,13.76,13.49,13.54,174017
2017-04-10,13.5,13.5,13.25,13.29,198773
2017-04-11,13.26,13.35,12.94,13.27,195995
2017-04-12,13.26,13.42,13.05,13.24,141675
2017-04-13,13.23,13.34,13.14,13.2,109344
2017-04-14,13.33,13.47,13.22,13.23,219717
2017-04-17,13.21,13.39,13.03,13.25,153937
2017-04-18,13.28,13.42,13.17,13.22,153173
2017-04-19,13.09,13.09,12.41,12.5,280727
2017-04-20,12.52,12.52,12.14,12.22,169784
2017-04-21,12.28,12.39,12.17,12.24,91912
2017-04-24,12.24,12.24,11.57,11.58,160824
2017-04-25,11.56,11.75,11.56,11.66,113616
2017-04-26,11.7,11.78,11.64,11.75,139392
2017-04-27,11.65,11.85,11.38,11.78,184233
2017-04-28,11.74,11.98,11.71,11.94,124319
2017-05-02,11.99,12.05,11.77,11.85,104445
2017-05-03,11.8,12.07,11.8,11.85,115908
2017-05-04,11.73,11.84,11.55,11.65,117355
2017-05-05,11.63,11.68,11.39,11.4,98810
2017-05-08,11.37,11.47,11.27,11.3,98659
2017-05-09,11.31,11.48,11.23,11.42,127558
2017-05-10,11.43,11.45,10.95,10.95,158144
2017-05-11,10.86,11.11,10.57,11.07,204914
2017-05-12,11.09,11.23,10.96,11.15,125588
2017-05-15,11.14,11.24,11.06,11.11,79767
2017-05-16,11.11,11.45,10.94,11.45,124614
2017-05-17,11.46,11.69,11.27,11.46,114838
2017-05-18,11.38,11.53,11.32,11.45,90684
2017-05-19,11.44,11.52,11.4,11.44,78516
2017-05-22,11.54,11.86,11.39,11.4,151439
2017-05-23,11.3,11.48,11.02,11.08,125484
2017-05-24,11.08,11.25,10.96,11.22,119022
2017-05-25,11.22,11.77,11.13,11.64,179867
2017-05-26,11.56,11.8,11.56,11.67,139468
2017-05-31,11.78,11.88,11.38,11.43,167241
2017-06-01,11.45,11.53,11.04,11.07,147496
2017-06-02,11.07,11.34,11.03,11.27,107448
2017-06-05,11.4,11.4,11.27,11.33,91578
2017-06-06,11.26,11.41,11.23,11.36,88723
2017-06-07,11.35,11.66,11.3,11.55,175353
2017-06-08,11.5,11.62,11.48,11.55,136502
2017-06-09,11.58,11.64,11.36,11.49,113038
2017-06-12,11.41,11.47,11.23,11.26,109238
2017-06-13,11.27,11.76,11.24,11.68,242277
2017-06-14,11.65,11.74,11.59,11.71,146647
2017-06-15,11.64,11.82,11.51,11.75,161105
2017-06-16,11.74,12.02,11.71,11.83,203806
2017-06-19,11.82,11.98,11.76,11.94,151488
2017-06-20,11.95,12.04,11.84,11.87,130165
2017-06-21,11.88,11.94,11.75,11.86,105830
2017-06-22,11.89,12.01,11.66,11.67,151232
2017-06-23,11.62,11.99,11.61,11.99,169528
2017-06-26,12.51,12.9,12.38,12.62,503106
2017-06-27,12.49,12.7,12.38,12.69,321640
2017-06-28,12.64,13.6,12.58,13.27,693334
2017-06-29,13.18,13.43,13.11,13.28,404079
2017-06-30,13.37,13.66,13.32,13.61,514489
2017-07-03,13.8,13.85,13.46,13.67,412489
2017-07-04,13.62,13.89,13.4,13.48,446474
2017-07-05,13.4,13.63,13.34,13.61,361700
2017-07-06,13.55,13.98,13.5,13.87,522653
2017-07-07,13.75,14.37,13.65,14.28,611755
2017-07-10,14.3,15.39,14.15,14.53,828925
2017-07-11,14.55,14.79,14.03,14.17,559080
2017-07-12,14.25,14.64,14.07,14.6,516389
2017-07-13,14.77,14.95,14.4,14.53,518321
2017-07-14,14.39,14.49,14.2,14.28,320722
2017-07-17,14.32,14.38,13.27,13.75,506147
2017-07-18,13.83,14.25,13.83,14.2,411509
2017-07-19,14.34,15.16,14.32,15.03,769808
2017-07-20,15.03,15.55,14.89,15.07,735507
2017-07-21,14.95,15.35,14.82,15.04,443123
2017-07-24,14.99,15.29,14.9,15.07,488039
2017-07-25,15.09,15.13,14.65,14.95,412179
2017-07-26,15.13,15.31,14.9,15.03,536645
2017-07-27,15.09,15.29,14.4,14.95,553449
2017-07-28,14.82,15.19,14.66,14.92,509735
2017-07-31,14.93,15.94,14.9,15.84,932083
2017-08-01,15.61,15.79,15.11,15.2,683283
2017-08-02,15.1,15.57,14.89,14.97,635500
2017-08-03,14.94,15.38,14.9,15.2,543558
2017-08-04,15.2,15.78,14.9,15.03,682926
2017-08-07,15.5,15.65,14.75,15.52,589526
2017-08-08,15.44,16.13,15.34,15.65,778608
2017-08-09,15.8,15.93,15.25,15.92,740451
2017-08-10,15.7,15.7,15.1,15.25,474776
2017-08-11,14.99,14.99,13.73,13.81,756930
2017-08-14,13.8,14.17,13.73,14.03,327573
2017-08-15,14.0,14.15,13.81,13.94,221566
2017-08-16,13.83,13.98,13.48,13.76,271197
2017-08-17,14.3,14.45,14.04,14.13,420069
2017-08-18,13.89,14.1,13.75,14.05,202588
2017-08-21,14.04,14.33,13.97,14.29,252412
2017-08-22,14.22,14.42,14.1,14.25,210864
2017-08-23,14.07,14.07,13.75,13.79,249952
2017-08-24,13.81,13.96,13.76,13.85,112340
2017-08-25,13.93,14.33,13.88,14.19,261967
2017-08-28,14.13,14.48,14.05,14.4,277059
2017-08-29,14.39,14.71,14.29,14.33,263293
2017-08-30,14.26,14.8,14.26,14.7,382328
2017-08-31,14.77,15.18,14.7,14.95,470151
2017-09-01,14.92,15.46,14.9,15.21,565467
2017-09-04,15.4,15.88,15.3,15.36,565637
2017-09-05,15.42,15.58,15.14,15.41,430448
2017-09-06,15.15,15.59,15.02,15.25,334179
2017-09-07,15.26,15.42,14.89,14.92,309437
2017-09-08,14.99,15.41,14.99,15.21,425792
2017-09-11,15.2,15.67,15.03,15.65,398766
2017-09-12,15.68,15.84,15.27,15.3,505141
2017-09-13,15.33,15.44,15.06,15.36,287752
2017-09-14,15.24,15.36,15.0,15.08,261155
2017-09-15,15.08,15.18,14.39,14.45,411486
2017-09-18,14.46,14.82,14.38,14.77,227416
2017-09-19,14.85,14.95,14.5,14.61,153761
2017-09-20,14.67,15.85,14.61,15.71,673688
2017-09-21,15.61,15.65,15.11,15.11,431755
2017-09-22,14.98,15.01,14.56,14.72,311005
2017-09-25,14.77,15.1,14.52,14.55,253837
2017-09-26,14.77,15.34,14.75,15.33,491018
2017-09-27,15.25,15.49,15.1,15.39,429022
2017-09-28,15.41,15.88,15.25,15.68,593954
2017-09-29,15.65,15.97,15.56,15.7,520137
2017-10-09,15.79,16.27,15.57,16.02,589736
2017-10-10,15.9,15.94,15.28,15.37,510996
2017-10-11,15.45,15.55,15.15,15.36,316239
2017-10-12,15.35,15.35,14.74,15.08,487605
2017-10-13,15.0,15.08,14.94,15.02,190984
2017-10-16,15.05,15.45,14.75,15.28,421908
2017-10-17,15.04,15.06,14.56,14.66,367987
2017-10-18,14.58,14.8,14.23,14.26,287272
2017-10-19,14.21,14.36,14.0,14.07,213453
2017-10-20,14.07,14.38,14.01,14.32,138633
2017-10-23,14.3,14.34,14.1,14.27,134427
2017-10-24,14.32,14.54,14.26,14.37,159960
2017-10-25,14.4,14.53,14.28,14.51,132961
2017-10-26,14.41,14.69,14.31,14.6,211071
2017-10-27,14.57,14.58,14.08,14.15,204648
2017-10-30,14.15,14.21,13.6,13.76,208958
2017-10-31,13.75,13.91,13.68,13.87,116934
2017-11-01,13.97,14.05,13.86,13.92,123103
2017-11-02,13.94,14.06,13.82,13.99,127986
2017-11-03,13.9,14.29,13.89,14.17,280420
2017-11-06,14.35,14.64,14.19,14.45,282232
2017-11-07,14.36,14.52,14.15,14.37,210339
2017-11-08,14.24,14.39,14.15,14.16,163112
2017-11-09,14.16,14.35,14.12,14.17,126586
2017-11-10,14.2,14.25,14.01,14.02,173075
2017-11-13,14.04,14.18,13.85,14.18,176753
2017-11-14,14.21,14.31,14.05,14.26,200997
2017-11-15,14.06,14.08,13.39,13.44,309348
2017-11-16,13.35,13.43,13.12,13.14,173171
2017-11-17,13.1,13.22,12.43,12.5,234789
2017-11-20,12.43,12.84,12.21,12.78,168468
2017-11-21,12.69,12.82,12.56,12.71,102563
2017-11-22,12.78,12.86,12.65,12.74,116606
2017-11-23,12.76,13.12,12.5,12.57,164352
2017-11-24,12.44,12.99,12.4,12.95,130725
2017-11-27,12.87,13.07,12.66,12.67,122594
2017-11-28,12.65,12.92,12.64,12.9,76141
2017-11-29,12.85,13.38,12.84,13.25,226655
2017-11-30,13.17,13.35,13.01,13.1,114553
2017-12-01,13.11,13.14,12.67,12.93,147267
2017-12-04,12.98,13.28,12.78,12.83,153369
2017-12-05,12.7,12.77,12.24,12.31,172558
2017-12-06,12.16,12.44,12.03,12.4,99929
2017-12-07,12.32,12.44,12.18,12.18,90840
2017-12-08,12.2,12.43,12.13,12.32,81587
2017-12-11,12.35,12.5,12.25,12.45,104247
2017-12-12,12.38,12.47,12.23,12.23,109410
2017-12-13,12.22,12.35,12.15,12.33,90976
2017-12-14,12.29,12.36,12.15,12.21,92304
2017-12-15,12.22,12.24,12.06,12.16,78428
2017-12-18,12.22,12.41,12.2,12.4,89530
2017-12-19,12.39,12.42,12.31,12.39,68039
2017-12-20,12.37,12.4,12.08,12.17,88950
2017-12-21,12.22,12.38,12.12,12.31,94722
2017-12-22,12.31,12.49,12.22,12.29,104681
2017-12-25,12.38,12.46,12.27,12.28,100631
2017-12-26,12.25,12.64,12.15,12.63,167095
2017-12-27,12.6,12.95,12.53,12.68,215652
2017-12-28,12.72,13.25,12.71,13.05,316044
2017-12-29,13.14,13.24,13.0,13.2,197924
2018-01-02,13.25,13.36,13.13,13.22,228266
2018-01-03,13.15,13.36,13.11,13.17,219709
2018-01-04,13.09,13.35,13.07,13.34,206098
2018-01-05,13.28,13.45,13.13,13.26,186036
2018-01-08,13.2,13.68,13.08,13.51,272028
2018-01-09,13.54,13.68,13.39,13.62,230495
2018-01-10,13.56,13.74,13.37,13.44,207177
2018-01-11,13.42,13.62,13.33,13.41,141629
2018-01-12,13.48,13.66,13.4,13.43,205082
2018-01-15,13.44,13.53,12.89,13.03,217986
2018-01-16,13.0,13.17,12.92,13.06,150040
2018-01-17,13.1,13.34,12.8,13.15,196008
2018-01-18,13.31,13.48,13.2,13.32,182093
2018-01-19,13.25,13.57,13.15,13.56,208910
2018-01-22,13.58,14.26,13.58,14.15,472106
2018-01-23,14.35,15.57,14.35,15.57,940001
2018-01-24,15.75,15.75,15.12,15.41,678791
2018-01-25,15.82,16.25,15.49,15.52,907087
2018-01-26,15.45,16.03,15.25,15.58,515393
2018-01-29,16.31,16.8,16.08,16.47,900655
2018-01-30,16.34,17.05,15.77,15.89,893512
2018-01-31,15.56,16.22,15.36,16.03,595679
2018-02-01,15.86,16.26,15.15,15.35,643553
2018-02-02,15.21,16.77,15.21,16.42,699693
2018-02-05,16.11,16.88,16.04,16.67,675124
2018-02-06,16.2,16.67,15.56,15.7,665026
2018-02-07,16.25,16.66,15.47,15.52,672477
2018-02-08,14.93,15.29,14.29,14.55,677268
2018-02-09,14.06,14.27,13.15,13.43,645588
2018-02-12,13.48,13.79,13.37,13.59,343213
2018-02-13,13.72,14.1,13.66,14.07,365154
2018-02-14,14.37,14.85,14.08,14.6,411805
2018-02-22,14.5,15.08,14.39,14.79,341870
2018-02-23,14.73,15.06,14.55,14.85,260943
2018-02-26,14.81,15.36,14.78,15.13,304600
2018-02-27,15.0,15.09,14.6,14.62,328963
2018-02-28,14.61,15.45,14.44,15.22,418622
2018-03-01,14.97,15.1,14.68,14.82,378252
2018-03-02,14.6,14.79,14.28,14.28,334966
2018-03-05,14.3,14.65,14.23,14.31,240667
2018-03-06,14.44,15.38,14.33,15.19,535967
2018-03-07,15.07,15.25,14.71,14.74,338607
2018-03-08,14.77,15.36,14.76,15.33,445023
2018-03-09,15.3,15.49,15.08,15.43,430650
2018-03-12,15.48,15.83,15.27,15.52,455871
2018-03-13,15.5,15.5,15.11,15.14,320215
2018-03-14,15.0,15.4,15.0,15.14,255252
2018-03-15,15.01,15.06,14.5,14.72,281809
2018-03-16,14.67,14.81,14.38,14.45,218068
2018-03-19,14.39,14.59,14.25,14.5,179519
2018-03-20,14.3,14.47,14.04,14.26,216554
2018-03-21,14.19,14.52,14.06,14.1,211955
2018-03-22,14.27,14.52,14.22,14.27,165675
2018-03-23,13.5,13.64,12.84,12.86,488972
2018-03-26,12.59,13.06,12.47,13.01,257209
2018-03-27,13.25,13.32,13.1,13.23,248834
2018-03-28,13.01,13.14,12.84,12.99,204027
2018-03-29,12.99,13.47,12.99,13.38,200529
2018-03-30,13.44,13.49,13.23,13.48,212838
2018-04-02,13.58,13.74,13.4,13.57,247949
2018-04-03,13.3,13.51,13.22,13.4,146572
2018-04-04,13.44,13.5,13.0,13.06,152180
2018-04-09,13.0,13.48,12.91,13.17,144502
2018-04-10,13.26,13.55,13.19,13.48,202239
2018-04-11,13.5,13.59,13.37,13.48,164918
2018-04-12,13.4,13.42,13.08,13.1,144288
2018-04-13,13.19,13.33,13.12,13.17,94812
2018-04-16,13.16,13.44,13.13,13.41,201186
2018-04-17,13.5,13.57,13.24,13.33,188457
2018-04-18,13.5,14.09,13.33,14.03,367859
2018-04-19,14.18,14.46,14.03,14.33,335826
2018-04-20,14.16,14.21,13.73,13.85,204422
2018-04-23,13.77,14.16,13.77,14.03,139919
2018-04-24,13.81,14.16,13.77,14.16,168255
2018-04-25,14.01,14.05,13.7,13.75,167043
2018-04-26,13.82,13.9,13.25,13.27,164456
2018-04-27,13.4,13.81,13.39,13.78,159961
2018-05-02,13.81,13.97,13.72,13.81,118049
2018-05-03,13.75,14.22,13.62,14.14,177947
2018-05-04,14.1,14.2,13.93,13.99,129142
2018-05-07,14.01,14.26,13.93,14.16,143098
2018-05-08,14.01,14.14,13.95,14.08,141374
2018-05-09,14.07,14.07,13.83,14.0,124006
2018-05-10,14.03,14.52,14.03,14.52,335959
2018-05-11,14.42,14.74,14.27,14.55,292666
2018-05-14,14.6,14.74,14.41,14.51,196961
2018-05-15,14.51,14.53,14.22,14.48,150605
2018-05-16,14.42,14.66,14.28,14.57,165946
2018-05-17,14.58,14.66,14.38,14.58,123505
2018-05-18,14.48,14.55,14.17,14.34,177659
2018-05-21,14.5,14.86,14.48,14.79,221566
2018-05-22,14.79,15.06,14.61,15.02,207261
2018-05-23,14.9,14.95,14.6,14.61,206532
2018-05-24,14.62,14.86,14.53,14.68,146593
2018-05-25,14.63,14.64,14.32,14.35,125521
2018-05-28,14.51,15.1,14.51,14.98,301890
2018-05-29,15.25,15.85,15.12,15.59,544681
2018-05-30,15.35,15.69,14.93,15.02,397973
2018-05-31,15.38,15.65,15.11,15.48,336118
2018-06-01,15.5,16.05,15.2,15.28,399353
2018-06-04,14.4315,14.9015,13.9115,14.0315,0
2018-06-05,14.0115,14.4615,13.8915,14.4315,0
2018-06-06,15.31,15.65,15.13,15.31,204324
2018-06-07,15.49,15.6,15.18,15.45,215936
2018-06-08,15.34,15.34,14.15,14.32,467615
2018-06-11,14.31,14.56,14.07,14.21,213429
2018-06-12,14.2,14.2,13.32,13.75,330890
2018-06-13,13.58,13.87,13.42,13.44,191044
2018-06-14,13.4,13.68,13.36,13.5,132444
2018-06-15,13.5,13.54,12.95,13.14,195327
2018-06-19,12.85,12.85,11.83,11.95,308842
2018-06-20,11.96,12.03,11.35,11.88,329323
2018-06-21,11.91,12.23,11.65,11.68,236122
2018-06-22,11.6,11.96,11.3,11.94,139935
2018-06-25,12.04,12.36,11.97,12.01,225711
2018-06-26,11.75,12.14,11.68,12.04,129663
2018-06-27,12.04,12.08,11.82,11.93,123435
2018-06-28,11.89,11.96,11.52,11.61,157394
2018-06-29,11.61,12.05,11.56,12.01,150920
2018-07-02,11.98,12.23,11.7,11.83,143109
2018-07-03,11.82,12.07,11.61,12.05,120767
2018-07-04,11.9,11.97,11.62,11.74,111284
2018-07-05,11.7,11.75,11.06,11.09,177317
2018-07-06,11.06,11.41,10.89,11.24,129197
2018-07-09,11.31,11.51,11.29,11.43,115744
2018-07-10,11.48,11.63,11.41,11.57,100595
2018-07-11,11.25,11.25,10.41,10.41,370670
2018-07-12,10.35,10.94,10.33,10.86,285086
2018-07-13,10.93,11.34,10.93,11.27,229445
2018-07-16,11.35,11.39,11.15,11.24,104715
2018-07-17,11.16,11.25,11.03,11.2,102739
2018-07-18,11.21,11.33,10.83,10.88,136171
2018-07-19,11.0,11.08,10.72,10.99,97109
2018-07-20,10.9,11.06,10.66,10.98,145513
2018-07-23,10.96,11.32,10.82,11.3,167413
2018-07-24,11.23,11.73,11.22,11.56,237046
2018-07-25,11.7,11.74,11.45,11.57,182249
2018-07-26,11.6,11.62,11.41,11.49,117558
2018-07-27,11.5,11.51,11.26,11.46,122553
2018-07-30,11.52,11.84,11.38,11.48,179265
2018-07-31,11.52,11.55,11.27,11.4,110870
2018-08-01,11.42,11.48,10.9,11.0,137707
2018-08-02,10.85,10.95,10.36,10.83,185453
2018-08-03,10.8,10.96,10.73,10.75,113088
2018-08-06,10.71,10.78,10.25,10.31,181096
2018-08-07,10.35,10.93,10.31,10.91,159294
2018-08-08,10.84,10.98,10.71,10.76,101507
2018-08-09,10.75,11.07,10.75,10.9,114275
2018-08-10,10.85,11.1,10.82,11.02,112879
2018-08-13,10.85,10.98,10.6,10.86,112190
2018-08-14,10.77,10.97,10.69,10.9,108341
2018-08-15,10.83,10.85,10.54,10.58,130973
2018-08-16,10.35,10.5,10.11,10.38,127750
2018-08-17,10.39,10.55,10.12,10.18,117347
2018-08-20,10.23,10.36,10.05,10.34,100350
2018-08-21,10.33,10.49,10.27,10.41,102341
2018-08-22,10.44,10.51,10.3,10.35,76730
2018-08-23,10.34,10.44,10.23,10.35,75501
2018-08-24,10.33,10.41,10.22,10.31,83894
2018-08-27,10.34,10.58,10.34,10.57,117592
2018-08-28,10.56,10.91,10.54,10.86,202305
2018-08-29,10.75,10.88,10.65,10.7,123790
2018-08-30,10.7,10.81,10.55,10.56,69031
2018-08-31,10.59,10.64,10.32,10.33,85305
2018-09-03,10.29,10.36,9.9,10.06,211123
2018-09-04,10.04,10.26,10.02,10.23,103048
2018-09-05,10.21,10.23,10.04,10.04,78800
2018-09-06,9.98,10.12,9.87,9.91,116656
2018-09-07,9.97,10.09,9.89,9.94,86338
2018-09-10,9.93,9.94,9.72,9.73,92431
2018-09-11,9.71,9.78,9.61,9.68,83044
2018-09-12,9.7,9.83,9.63,9.74,59784
2018-09-13,9.85,9.9,9.75,9.89,74085
2018-09-14,9.91,10.03,9.81,9.81,77554
2018-09-17,9.82,9.82,9.59,9.64,62078
2018-09-18,9.6,9.85,9.57,9.85,82258
2018-09-19,9.85,10.07,9.81,10.0,136744
2018-09-20,10.0,10.22,9.97,10.02,124508
2018-09-21,10.1,10.44,10.03,10.35,174805
2018-09-25,10.27,10.37,10.17,10.26,108054
2018-09-26,10.26,10.41,10.19,10.28,114865
2018-09-27,10.28,10.53,10.27,10.35,144869
2018-09-28,10.46,10.55,10.37,10.51,130701
2018-10-08,10.31,10.46,10.09,10.15,136485
2018-10-09,10.15,10.43,10.15,10.36,121862
2018-10-10,10.41,10.55,10.2,10.25,108756
2018-10-11,9.9,10.03,9.33,9.45,215491
2018-10-12,9.51,9.67,9.26,9.63,128744
2018-10-15,9.59,9.64,9.28,9.31,111600
2018-10-16,9.36,9.47,9.06,9.11,118662
2018-10-17,9.21,9.25,8.88,9.16,103473
2018-10-18,9.13,9.13,8.78,8.79,119936
2018-10-19,8.68,9.0,8.58,8.97,104923
2018-10-22,9.06,9.55,9.02,9.52,182651
2018-10-23,9.56,9.57,9.43,9.47,138878
2018-10-24,9.46,9.78,9.45,9.65,142949
2018-10-25,9.33,9.74,9.33,9.71,121587
2018-10-26,9.78,9.92,9.62,9.63,134065
2018-10-29,9.61,9.83,9.59,9.64,118869
2018-10-30,9.6,9.86,9.48,9.74,113473
2018-10-31,9.75,10.15,9.66,10.01,196137
2018-11-01,10.0,10.12,9.94,10.01,161582
2018-11-02,10.21,10.42,9.97,10.33,228585
2018-11-05,10.25,10.34,10.04,10.22,139613
2018-11-06,10.13,10.31,10.08,10.25,100118
2018-11-07,10.27,10.74,10.26,10.33,206462
2018-11-08,10.35,10.58,10.19,10.24,144797
2018-11-09,10.32,10.76,10.22,10.63,258988
2018-11-12,10.67,11.2,10.42,11.17,311513
2018-11-13,10.95,11.32,10.9,11.07,277860
2018-11-14,11.01,11.26,11.01,11.18,148796
2018-11-15,11.45,11.7,11.29,11.52,249790
2018-11-16,11.55,11.59,11.3,11.35,183565
2018-11-19,11.35,11.58,11.2,11.42,163472
2018-11-20,11.38,11.39,10.85,10.88,210042
2018-11-21,10.7,10.88,10.55,10.87,233324
2018-11-22,10.8,10.87,10.41,10.65,164940
2018-11-23,10.6,10.65,10.11,10.11,201298
2018-11-26,10.1,10.25,9.91,9.97,173645
2018-11-27,10.02,10.13,9.94,10.02,105170
2018-11-28,9.97,10.09,9.61,10.07,236563
2018-11-29,10.15,10.35,9.93,9.93,233335
2018-11-30,9.93,10.07,9.77,10.01,121339
2018-12-03,10.33,10.39,10.16,10.29,216505
2018-12-04,10.28,10.32,10.16,10.29,132443
2018-12-05,10.12,10.45,10.06,10.23,175933
2018-12-06,10.15,10.18,9.95,9.96,128464
2018-12-07,10.0,10.1,9.96,10.06,69839
2018-12-10,9.96,10.03,9.77,9.91,107158
2018-12-11,9.95,10.1,9.91,10.09,80776
2018-12-12,10.16,10.19,9.98,10.02,74929
2018-12-13,10.01,10.28,10.0,10.17,101929
2018-12-14,10.15,10.2,9.89,9.92,96942
2018-12-17,9.92,10.24,9.84,10.19,151522
2018-12-18,10.1,10.18,9.94,10.05,101251
2018-12-19,10.07,10.11,10.0,10.04,99467
2018-12-20,10.05,10.16,9.96,10.09,99629
2018-12-21,10.07,10.11,9.87,9.97,85573
2018-12-24,9.9,9.99,9.79,9.87,79264
2018-12-25,9.71,9.72,9.4,9.6,147597
2018-12-26,9.61,9.73,9.59,9.64,80698
2018-12-27,9.82,9.86,9.61,9.61,70499
2018-12-28,9.62,9.67,9.52,9.54,63026
2019-01-02,9.55,9.68,9.45,9.6,77981
2019-01-03,9.6,9.78,9.54,9.74,73763
2019-01-04,9.64,10.12,9.62,10.12,140866
2019-01-07,10.18,10.42,10.12,10.29,204745
2019-01-08,10.26,10.27,10.14,10.15,93312
2019-01-09,10.25,10.49,10.2,10.33,176392
2019-01-10,10.33,10.48,10.28,10.33,132271
2019-01-11,10.3,10.46,10.28,10.46,108896
2019-01-14,10.53,10.96,10.52,10.55,212960
2019-01-15,10.64,10.76,10.57,10.75,137567
2019-01-16,10.79,10.85,10.63,10.65,101306
2019-01-17,10.59,10.74,10.47,10.52,132633
2019-01-18,10.63,10.82,10.6,10.69,137220
2019-01-21,10.65,10.79,10.59,10.65,102053
2019-01-22,10.78,10.87,10.5,10.55,124706
2019-01-23,10.4,10.66,10.31,10.6,144678
2019-01-24,10.64,10.78,10.55,10.65,113030
2019-01-25,10.75,10.93,10.65,10.72,148175
2019-01-28,10.67,10.67,10.24,10.27,235262
2019-01-29,10.3,10.35,9.92,10.13,166991
2019-01-30,10.14,10.25,10.07,10.11,98692
2019-01-31,10.13,10.33,10.06,10.19,137926
2019-02-01,10.27,10.45,10.22,10.43,120253
2019-02-11,10.44,10.92,10.44,10.89,244884
2019-02-12,10.81,10.94,10.77,10.92,177354
2019-02-13,10.85,11.25,10.82,11.19,265871
2019-02-14,11.23,11.24,10.97,11.04,199397
2019-02-15,10.99,11.07,10.91,10.94,142678
2019-02-18,11.08,11.22,10.96,11.21,248696
2019-02-19,11.19,11.65,11.12,11.39,357713
2019-02-20,11.42,11.67,11.28,11.38,294337
2019-02-21,11.44,11.55,11.23,11.29,264192
2019-02-22,11.37,11.43,11.15,11.43,208849
2019-02-25,12.16,12.57,11.79,12.57,570815
2019-02-26,12.9,13.34,12.69,12.92,635242
2019-02-27,12.69,12.96,12.45,12.56,365819
2019-02-28,12.68,12.74,12.4,12.48,200568
2019-03-01,12.59,12.64,12.16,12.44,283165
2019-03-04,12.58,12.9,12.41,12.55,428937
2019-03-05,12.42,12.76,12.33,12.74,338116
2019-03-06,12.75,13.08,12.58,12.93,494218
2019-03-07,12.77,13.44,12.58,12.95,533344
2019-03-08,12.5,12.52,11.97,11.99,499029
2019-03-11,12.03,12.29,11.99,12.27,283197
2019-03-12,12.26,12.47,12.1,12.28,344041
2019-03-13,12.35,12.45,11.98,12.07,276082
2019-03-14,11.92,12.28,11.69,11.85,228152
2019-03-15,11.87,12.09,11.82,12.02,206094
2019-03-18,12.12,12.33,12.09,12.31,271508
2019-03-19,12.3,12.34,12.05,12.2,247830
2019-03-20,12.25,12.32,12.03,12.3,244480
2019-03-21,12.34,12.51,12.22,12.39,319626
2019-03-22,12.34,12.37,12.0,12.21,223951
2019-03-25,11.94,12.07,11.82,11.83,249437
2019-03-26,11.91,11.94,11.47,11.56,243958
2019-03-27,11.67,11.74,11.56,11.67,173923
2019-03-28,11.59,11.72,11.47,11.56,142544
2019-03-29,11.69,12.08,11.62,12.08,248785
2019-04-01,12.3,13.21,12.3,13.09,631184
2019-04-02,13.03,13.2,12.8,12.98,438924
2019-04-03,12.87,13.04,12.79,12.99,325405
2019-04-04,13.06,13.27,12.83,12.98,365882
2019-04-08,12.98,13.5,12.83,13.05,507235
2019-04-09,13.0,13.0,12.6,12.75,340482
2019-04-10,12.69,12.77,12.46,12.58,251165
2019-04-11,12.75,12.9,12.44,12.44,337456
2019-04-12,12.35,12.54,12.19,12.35,223735
2019-04-15,12.71,12.92,12.3,12.36,292697
2019-04-16,12.21,12.95,12.2,12.9,420562
2019-04-17,12.77,12.85,12.64,12.71,272814
2019-04-18,12.66,13.18,12.66,12.72,385591
2019-04-19,12.79,12.83,12.43,12.81,240250
2019-04-22,12.81,12.84,12.33,12.4,236384
2019-04-23,12.45,12.59,12.26,12.35,193274
2019-04-24,12.33,12.43,12.1,12.4,174632
2019-04-25,12.35,12.43,11.92,11.97,206345
2019-04-26,11.9,11.98,11.64,11.65,186038
2019-04-29,11.81,11.9,11.52,11.64,169491
2019-04-30,11.64,11.96,11.61,11.86,136460
2019-05-06,11.13,11.47,10.68,10.77,265064
2019-05-07,10.88,11.03,10.7,10.87,168498
2019-05-08,10.6,10.88,10.4,10.72,115800
2019-05-09,10.58,10.69,10.46,10.49,134749
2019-05-10,10.62,10.85,10.4,10.85,159895
2019-05-13,10.7,10.76,10.52,10.63,112128
2019-05-14,10.52,10.68,10.46,10.53,119184
2019-05-15,10.61,10.75,10.61,10.7,103579
2019-05-16,10.71,11.18,10.69,11.07,231593
2019-05-17,11.08,11.08,10.46,10.55,220764
2019-05-20,10.48,10.59,10.23,10.53,146064
2019-05-21,10.49,11.09,10.44,10.96,243161
2019-05-22,10.9,11.02,10.73,10.77,159680
2019-05-23,10.7,10.86,10.48,10.57,130615
2019-05-24,10.52,10.78,10.48,10.51,122087
2019-05-27,10.56,11.56,10.48,11.16,303874
2019-05-28,11.19,11.26,10.98,11.04,155937
2019-05-29,11.08,11.44,11.05,11.27,230458
2019-05-30,11.13,11.63,10.99,11.54,326461
2019-05-31,11.4,11.7,11.3,11.38,255292
2019-06-03,11.3,11.34,10.98,11.09,184566
2019-06-04,11.07,11.23,10.83,10.9,131450
2019-06-05,11.06,11.1,10.89,10.9,110173
2019-06-06,10.89,11.09,10.71,10.81,123621
2019-06-10,10.91,11.25,10.79,11.24,195268
2019-06-11,11.17,11.64,11.16,11.52,295950
2019-06-12,11.5,11.83,11.38,11.43,357493
2019-06-13,11.43,11.64,11.39,11.45,191339
2019-06-14,11.44,11.62,11.24,11.26,208244
2019-06-17,11.55,12.07,11.5,11.78,455974
2019-06-18,11.72,11.79,11.34,11.48,228818
2019-06-19,11.65,11.85,11.46,11.51,222962
2019-06-20,11.47,11.75,11.31,11.7,277265
2019-06-21,11.7,11.92,11.61,11.78,274284
2019-06-24,11.7,11.85,11.6,11.67,178503
2019-06-25,11.7,11.75,11.4,11.51,201157
2019-06-26,11.41,11.52,11.32,11.33,130444
2019-06-27,11.35,11.46,11.33,11.39,110320
2019-06-28,11.37,11.4,11.03,11.17,159692
2019-07-01,11.34,11.38,11.24,11.38,178844
2019-07-02,11.35,11.37,11.04,11.11,227214
2019-07-03,10.86,10.86,10.65,10.76,255181
2019-07-04,10.78,10.85,10.7,10.76,108459
2019-07-05,10.78,10.78,10.67,10.76,83713
2019-07-08,10.75,10.79,10.44,10.51,146995
2019-07-09,10.47,10.58,10.43,10.57,64091
2019-07-10,10.56,10.56,10.41,10.46,64004
2019-07-11,10.54,10.71,10.5,10.54,96969
2019-07-12,10.54,10.63,10.47,10.6,68903
2019-07-15,10.6,10.76,10.42,10.69,99130
2019-07-16,10.68,10.73,10.62,10.7,75771
2019-07-17,10.7,10.73,10.62,10.66,56838
2019-07-18,10.64,10.78,10.6,10.6,91229
2019-07-19,10.66,10.84,10.66,10.77,126959
2019-07-22,10.72,10.75,10.4,10.46,108410
2019-07-23,10.5,10.58,10.46,10.57,44004
2019-07-24,10.53,10.73,10.52,10.67,71107
2019-07-25,10.68,10.74,10.62,10.66,60612
2019-07-26,10.61,10.65,10.51,10.6,53872
2019-07-29,10.6,10.63,10.52,10.6,50638
2019-07-30,10.63,10.76,10.58,10.67,77836
2019-07-31,10.66,10.67,10.57,10.6,53732
2019-08-01,10.58,10.6,10.5,10.53,66257
2019-08-02,10.39,10.46,10.3,10.35,92019
2019-08-05,10.33,10.38,10.24,10.27,75582
2019-08-06,10.14,10.16,9.79,10.04,124258
2019-08-07,10.0,10.29,10.0,10.2,130014
2019-08-08,10.2,10.36,10.16,10.18,87771
2019-08-09,10.25,10.26,9.93,10.0,76991
2019-08-12,10.0,10.08,9.93,10.08,56199
2019-08-13,10.0,10.2,9.99,10.12,60930
2019-08-14,10.17,10.22,10.02,10.08,61145
2019-08-15,9.88,10.05,9.8,10.03,71592
2019-08-16,10.02,10.11,9.98,10.02,67210
2019-08-19,10.05,10.23,10.0,10.22,126713
2019-08-20,10.18,10.39,10.17,10.27,133773
2019-08-21,10.24,10.27,10.12,10.16,78153
2019-08-22,10.17,10.19,10.03,10.04,80331
2019-08-23,10.05,10.1,9.98,10.04,73939
2019-08-26,9.86,10.14,9.83,10.06,109214
2019-08-27,10.08,10.24,10.07,10.19,88328
2019-08-28,10.19,10.22,10.11,10.15,62795
2019-08-29,10.18,10.22,10.09,10.1,53176
2019-08-30,10.11,10.27,10.06,10.18,115756
2019-09-02,10.42,11.1,10.35,10.88,389937
2019-09-03,10.66,10.82,10.6,10.66,358046
2019-09-04,10.62,11.04,10.61,10.91,402510
2019-09-05,10.92,11.9,10.9,11.43,591824
2019-09-06,11.42,11.43,11.16,11.21,297903
2019-09-09,11.27,11.34,11.08,11.27,263783
2019-09-10,11.22,11.39,11.15,11.24,194081
2019-09-11,11.25,11.27,11.04,11.08,151721
2019-09-12,11.17,11.26,11.1,11.16,110895
2019-09-16,10.96,11.05,10.9,11.01,214008
2019-09-17,11.0,11.0,10.69,10.73,171972
2019-09-18,10.73,10.84,10.69,10.72,99115
2019-09-19,10.75,10.86,10.72,10.84,97932
2019-09-20,10.8,10.84,10.7,10.76,107207
2019-09-23,10.75,10.76,10.58,10.73,98380
2019-09-24,10.71,10.79,10.61,10.67,103116
2019-09-25,10.6,10.63,10.38,10.41,137107
2019-09-26,10.47,10.49,10.25,10.26,117272
2019-09-27,10.28,10.36,10.24,10.31,61004
2019-09-30,10.25,10.32,10.15,10.15,70282
2019-10-08,10.22,10.28,10.14,10.21,60302
2019-10-09,10.22,10.4,10.18,10.36,71025
2019-10-10,10.35,10.39,10.27,10.38,70361
2019-10-11,10.38,10.42,10.28,10.4,87629
2019-10-14,10.5,10.59,10.45,10.51,98457
2019-10-15,10.45,10.49,10.23,10.26,119548
2019-10-16,10.35,10.45,10.25,10.29,108299
2019-10-17,10.31,10.45,10.3,10.39,100616
2019-10-18,10.45,10.48,10.12,10.14,128211
2019-10-21,10.16,10.17,9.98,10.07,88806
2019-10-22,10.08,10.25,10.04,10.18,74343
2019-10-23,10.17,10.19,10.05,10.06,52568
2019-10-24,10.08,10.23,10.06,10.17,58086
2019-10-25,10.13,10.19,10.04,10.15,68211
2019-10-28,10.13,10.27,10.12,10.25,90865
2019-10-29,10.23,10.23,10.07,10.08,83813
2019-10-30,10.05,10.06,9.91,9.91,112640
2019-10-31,9.96,10.02,9.89,9.9,63764
2019-11-01,9.9,10.05,9.89,10.01,70906
2019-11-04,10.03,10.1,9.95,10.02,89710
2019-11-05,10.02,10.22,9.98,10.13,106654
2019-11-06,10.14,10.21,10.09,10.12,75103
2019-11-07,10.1,10.16,10.06,10.1,64482
2019-11-08,10.17,10.19,10.08,10.08,63410
2019-11-11,10.09,10.09,9.8,9.82,114075
2019-11-12,9.83,9.87,9.45,9.68,182200
2019-11-13,9.63,9.76,9.57,9.69,66464
2019-11-14,9.7,9.72,9.6,9.61,47461
2019-11-15,9.63,9.71,9.49,9.5,62116
2019-11-18,9.5,9.59,9.45,9.56,43431
2019-11-19,9.56,9.7,9.54,9.7,54399
2019-11-20,9.69,9.82,9.64,9.7,56922
2019-11-21,9.7,9.83,9.66,9.77,65649
2019-11-22,9.77,9.9,9.67,9.73,82125
2019-11-25,9.76,10.03,9.72,9.97,123341
2019-11-26,9.96,10.02,9.74,9.74,132666
2019-11-27,9.85,9.93,9.77,9.83,81281
2019-11-28,9.81,9.88,9.6,9.63,89325
2019-11-29,9.65,9.66,9.57,9.65,44741
2019-12-02,9.67,9.74,9.63,9.71,52681
2019-12-03,9.6,9.78,9.6,9.78,55967
2019-12-04,9.72,9.86,9.7,9.85,65749
2019-12-05,9.85,9.91,9.79,9.87,57009
2019-12-06,9.84,9.91,9.84,9.91,45808
2019-12-09,9.93,10.08,9.93,10.04,87722
2019-12-10,10.04,10.21,10.03,10.17,115250
2019-12-11,10.2,10.2,10.07,10.14,66446
2019-12-12,10.09,10.25,10.07,10.11,74111
2019-12-13,10.18,10.24,10.11,10.18,80863
2019-12-16,10.19,10.23,10.1,10.23,128111
2019-12-17,10.2,10.4,10.18,10.35,174530
2019-12-18,10.36,10.38,10.25,10.29,103466
2019-12-19,10.28,10.3,10.22,10.29,87725
2019-12-20,10.3,10.33,10.15,10.16,96198
2019-12-23,10.12,10.2,10.01,10.01,82848
2019-12-24,10.0,10.42,10.0,10.38,208014
2019-12-25,10.35,10.37,10.18,10.29,129376
2019-12-26,10.3,10.37,10.2,10.37,116365
2019-12-27,10.34,10.85,10.34,10.51,357141
2019-12-30,10.44,10.69,10.39,10.64,200083
2019-12-31,10.56,10.6,10.35,10.44,171225
2020-01-02,10.58,10.68,10.47,10.55,200944
2020-01-03,10.59,10.73,10.53,10.63,199416
2020-01-06,10.56,10.76,10.53,10.65,236622
2020-01-07,10.65,10.82,10.61,10.69,163374
2020-01-08,10.63,10.68,10.41,10.45,185423
2020-01-09,10.52,10.65,10.48,10.53,121804
2020-01-10,10.54,10.59,10.35,10.38,126460
2020-01-13,10.34,10.58,10.32,10.56,140819
2020-01-14,10.62,11.15,10.61,10.88,492243
2020-01-15,10.9,11.2,10.86,11.11,407940
2020-01-16,11.25,11.45,11.14,11.18,320543
2020-01-17,11.29,11.35,11.1,11.24,293964
2020-01-20,11.2,11.36,11.03,11.2,201626
2020-01-21,11.16,11.27,11.04,11.05,165775
2020-01-22,11.04,11.22,10.89,11.16,160087
2020-01-23,11.01,11.1,10.4,10.56,222518
2020-02-03,9.5,9.5,9.5,9.5,68227
2020-02-04,9.11,9.47,9.04,9.24,332379
2020-02-05,9.21,9.57,9.18,9.46,229413
2020-02-06,9.45,9.53,9.31,9.48,220027
2020-02-07,9.42,9.57,9.36,9.57,181667
2020-02-10,9.47,9.8,9.43,9.75,177476
2020-02-11,9.71,9.87,9.61,9.64,179309
2020-02-12,9.68,9.92,9.62,9.88,209555
2020-02-13,9.88,9.94,9.76,9.82,172520
2020-02-14,9.79,10.17,9.76,9.96,227876
2020-02-17,9.91,10.14,9.9,10.14,169765
2020-02-18,10.21,10.56,10.14,10.33,345087
2020-02-19,10.3,10.36,10.14,10.17,194816
2020-02-20,10.18,10.26,10.0,10.25,175969
2020-02-21,10.25,10.35,10.2,10.21,181722
2020-02-24,10.19,10.21,9.96,10.13,262046
2020-02-25,9.95,9.95,9.53,9.79,415364
2020-02-26,9.66,9.95,9.55,9.76,265499
2020-02-27,9.77,9.85,9.67,9.71,173264
2020-02-28,9.5,9.5,9.2,9.26,301734
2020-03-02,9.27,9.6,9.26,9.57,221712
2020-03-03,9.68,9.74,9.45,9.58,279614
2020-03-04,9.54,9.72,9.48,9.72,158881
2020-03-05,9.8,9.94,9.7,9.87,338632
2020-03-06,9.75,9.77,9.61,9.66,230688
2020-03-09,9.41,9.43,9.21,9.23,325285
2020-03-10,9.23,9.42,9.15,9.42,237862
2020-03-11,9.43,9.45,9.29,9.32,162535
2020-03-12,9.2,9.26,9.13,9.2,130870
2020-03-13,8.8,9.12,8.73,8.99,270514
2020-03-16,9.01,9.03,8.69,8.7,186438
2020-03-17,8.73,8.8,8.52,8.71,139797
2020-03-18,8.68,8.78,8.4,8.4,210871
2020-03-19,8.26,8.34,8.04,8.05,211197
2020-03-20,8.21,8.33,8.1,8.3,138700
2020-03-23,8.05,8.12,7.94,7.97,140081
2020-03-24,8.16,8.24,8.07,8.2,183950
2020-03-25,8.37,8.42,8.26,8.36,163394
2020-03-26,8.34,8.34,8.23,8.27,117513
2020-03-27,8.35,8.4,8.26,8.28,113444
2020-03-30,8.13,8.2,8.03,8.13,82407
2020-03-31,8.24,8.36,8.11,8.26,117087
2020-04-01,8.23,8.42,8.2,8.3,146294
2020-04-02,8.19,8.65,8.16,8.56,190255
2020-04-03,8.44,8.52,8.33,8.37,130503
2020-04-07,8.51,8.54,8.44,8.51,149671
2020-04-08,8.45,8.57,8.39,8.48,137904
2020-04-09,8.54,8.55,8.44,8.45,82018
2020-04-10,8.51,8.57,8.35,8.41,135408
2020-04-13,8.43,8.45,8.34,8.38,65736
2020-04-14,8.43,8.56,8.4,8.51,128528
2020-04-15,8.5,8.5,8.34,8.37,121174
2020-04-16,8.31,8.34,8.22,8.32,94276
2020-04-17,8.35,8.6,8.35,8.45,159420
2020-04-20,8.44,8.45,8.36,8.43,76861
2020-04-21,8.39,8.41,8.21,8.26,94494
2020-04-22,8.21,8.27,8.16,8.25,106935
2020-04-23,8.26,8.47,8.26,8.39,140134
2020-04-24,8.39,8.4,8.16,8.2,110317
2020-04-27,8.26,8.52,8.25,8.41,202762
2020-04-28,8.41,8.5,8.18,8.24,154655
2020-04-29,8.2,8.31,8.19,8.23,86837
2020-04-30,8.27,8.49,8.25,8.44,154663
2020-05-06,8.39,8.55,8.36,8.53,182718
2020-05-07,8.53,8.55,8.42,8.46,109832
2020-05-08,8.5,8.63,8.47,8.61,152055
2020-05-11,8.61,8.65,8.47,8.53,114697
2020-05-12,8.51,8.53,8.33,8.39,105321
2020-05-13,8.37,8.41,8.33,8.38,66010
2020-05-14,8.35,8.35,8.28,8.28,82732
2020-05-15,8.33,8.37,8.3,8.32,63827
2020-05-18,8.32,8.71,8.32,8.59,273203
2020-05-19,8.67,8.7,8.48,8.53,165093
2020-05-20,8.56,8.66,8.52,8.56,135149
2020-05-21,8.66,8.76,8.55,8.59,184371
2020-05-22,8.55,8.58,8.31,8.34,152229
2020-05-25,8.35,8.39,8.23,8.27,91072
2020-05-26,8.3,8.38,8.29,8.36,77158
2020-05-27,8.37,8.38,8.27,8.33,89737
2020-05-28,8.35,8.52,8.3,8.48,176013
2020-05-29,8.46,8.53,8.28,8.28,151978
2020-06-01,8.37,8.57,8.37,8.54,164187
2020-06-02,8.54,8.62,8.49,8.56,127426
2020-06-03,8.63,8.73,8.56,8.57,168963
2020-06-04,8.53,8.58,8.46,8.51,112887
2020-06-05,8.55,8.55,8.41,8.52,94684
2020-06-08,8.59,8.89,8.59,8.8,322904
2020-06-09,8.81,8.93,8.71,8.76,174078
2020-06-10,8.8,8.84,8.7,8.72,120037
2020-06-11,8.81,8.86,8.58,8.65,160376
2020-06-12,8.47,8.52,8.39,8.48,182056
2020-06-15,8.42,8.49,8.34,8.34,142863
2020-06-16,8.4,8.6,8.38,8.55,178233
2020-06-17,8.52,8.59,8.43,8.54,123522
2020-06-18,8.5,8.77,8.48,8.69,178914
2020-06-19,8.68,8.72,8.57,8.71,116408
2020-06-22,8.69,8.84,8.64,8.68,164046
2020-06-23,8.69,8.75,8.62,8.68,124738
2020-06-24,8.65,8.69,8.6,8.63,97820
2020-06-29,8.61,8.66,8.44,8.46,112414
2020-06-30,8.51,8.6,8.5,8.56,98521
2020-07-01,8.6,8.83,8.53,8.82,288709
2020-07-02,8.77,9.14,8.74,9.07,373289
2020-07-03,9.15,9.41,9.1,9.24,392022
2020-07-06,9.35,10.16,9.35,10.08,651720
2020-07-07,10.1,10.23,9.8,9.81,546028
2020-07-08,9.77,10.35,9.75,10.21,571847
2020-07-09,10.22,10.46,10.01,10.44,585089
2020-07-10,10.25,10.35,9.9,9.95,449860
2020-07-13,10.15,10.68,10.1,10.45,508044
2020-07-14,10.33,10.43,10.03,10.3,383511
2020-07-15,10.28,10.35,9.8,9.88,344775
2020-07-16,9.85,10.05,9.42,9.51,307957
2020-07-17,9.53,9.76,9.44,9.54,204882
2020-07-20,9.6,10.07,9.6,10.02,255028
2020-07-21,10.04,10.11,9.83,9.9,184154
2020-07-22,10.14,10.29,10.01,10.07,322077
2020-07-23,9.97,10.18,9.74,10.04,289471
2020-07-24,10.01,10.18,9.64,9.74,322245
2020-07-27,9.9,10.36,9.89,10.19,523596
2020-07-28,10.98,11.2,10.45,10.57,783695
2020-07-29,10.47,10.66,10.38,10.49,434531
2020-07-30,10.5,10.52,10.2,10.21,332889
2020-07-31,10.18,10.5,10.15,10.32,309867
2020-08-03,10.29,10.51,10.2,10.46,308305
2020-08-04,10.45,10.6,10.3,10.44,348574
2020-08-05,10.54,10.54,10.23,10.51,353084
2020-08-06,10.47,10.78,10.39,10.71,484652
2020-08-07,10.76,10.91,10.38,10.46,404420
2020-08-10,10.29,10.3,10.09,10.23,276682
2020-08-11,10.22,10.33,9.95,9.95,240732
2020-08-12,9.81,9.85,9.56,9.76,257429
2020-08-13,9.72,9.79,9.67,9.76,144901
2020-08-14,9.72,9.84,9.65,9.81,137285
2020-08-17,9.8,10.07,9.75,10.07,169509
2020-08-18,10.05,10.22,10.01,10.06,166454
2020-08-19,10.14,10.17,9.92,9.94,131458
2020-08-20,9.92,9.92,9.79,9.81,101559
2020-08-21,9.87,10.08,9.81,9.95,133126
2020-08-24,9.97,9.97,9.81,9.89,116320
2020-08-25,9.94,10.0,9.82,9.93,127530
2020-08-26,9.78,9.79,9.44,9.47,275396
2020-08-27,9.48,9.54,9.42,9.52,88961
2020-08-28,9.51,9.67,9.47,9.64,110542
2020-08-31,9.68,9.87,9.66,9.68,155486
2020-09-01,9.68,9.93,9.63,9.87,152948
2020-09-02,9.84,9.85,9.65,9.74,123540
2020-09-03,9.81,9.91,9.72,9.74,131130
2020-09-04,9.55,9.65,9.48,9.62,114788
2020-09-07,9.65,9.98,9.63,9.63,188595
2020-09-08,9.65,9.83,9.63,9.8,131157
2020-09-09,9.64,9.73,9.51,9.53,143408
2020-09-10,9.59,9.67,9.28,9.32,149896
2020-09-11,9.29,9.34,9.2,9.31,85711
2020-09-14,9.37,9.53,9.32,9.39,82003
2020-09-15,9.38,9.4,9.3,9.36,51490
2020-09-16,9.31,9.41,9.28,9.34,46836
2020-09-17,9.3,9.32,9.16,9.24,70675
2020-09-18,9.26,9.58,9.22,9.55,141695
2020-09-21,9.55,9.66,9.49,9.53,113475
2020-09-22,9.4,9.44,9.26,9.27,95573
2020-09-23,9.35,9.43,9.25,9.28,68745
2020-09-24,9.1,9.17,8.96,8.98,115477
2020-09-25,9.0,9.19,8.94,9.0,51758
2020-09-28,9.0,9.03,8.87,8.96,48439
2020-09-29,9.02,9.08,8.97,8.99,58769
2020-09-30,9.02,9.04,8.85,8.91,68192
2020-10-09,9.06,9.19,9.06,9.13,86545
2020-10-12,9.14,9.36,9.14,9.33,93709
2020-10-13,9.31,9.34,9.21,9.28,61469
2020-10-14,9.25,9.25,9.14,9.17,62787
2020-10-15,9.19,9.28,9.15,9.16,58811
2020-10-16,9.18,9.31,9.15,9.27,75882
2020-10-19,9.27,9.42,9.2,9.24,84232
2020-10-20,9.23,9.27,9.15,9.24,52968
2020-10-21,9.29,9.34,9.18,9.24,61183
2020-10-22,9.15,9.22,9.12,9.18,44549
2020-10-23,9.17,9.23,9.09,9.11,52049
2020-10-26,9.12,9.21,9.03,9.18,73174
2020-10-27,9.11,9.21,9.06,9.09,64134
2020-10-28,9.06,9.36,8.96,9.31,136074
2020-10-29,9.18,9.26,9.12,9.23,81833
2020-10-30,9.21,9.22,8.96,8.96,89395
2020-11-02,9.0,9.06,8.88,9.01,87247
2020-11-03,9.07,9.66,9.02,9.59,288432
2020-11-04,9.53,9.64,9.4,9.45,182473
2020-11-05,9.52,9.57,9.4,9.49,153426
2020-11-06,9.53,9.65,9.39,9.5,171382
2020-11-09,9.65,9.87,9.64,9.8,296988
2020-11-10,9.8,10.0,9.67,9.72,246875
2020-11-11,9.71,10.04,9.71,9.8,303507
2020-11-12,9.78,10.0,9.72,9.84,199056
2020-11-13,9.77,10.07,9.74,9.92,258802
2020-11-16,9.94,10.58,9.91,10.42,448330
2020-11-17,10.41,10.64,10.27,10.37,404543
2020-11-18,10.58,10.88,10.46,10.58,444854
2020-11-19,10.33,10.45,10.11,10.19,422282
2020-11-20,10.23,10.6,10.13,10.49,350698
2020-11-23,10.48,11.39,10.47,11.11,829365
2020-11-24,11.02,11.27,10.88,11.15,479897
2020-11-25,11.17,11.3,10.91,10.92,368728
2020-11-26,10.96,11.1,10.78,10.98,297201
2020-11-27,11.1,11.16,10.7,11.1,351299
2020-11-30,11.12,11.53,10.99,11.0,511250
2020-12-01,10.81,10.97,10.65,10.9,333842
2020-12-02,10.92,11.2,10.86,10.97,318211
2020-12-03,10.8,10.86,10.52,10.64,264861
2020-12-04,10.73,10.81,10.61,10.79,168682
2020-12-07,10.81,10.92,10.68,10.7,164841
2020-12-08,10.82,10.95,10.63,10.83,190658
2020-12-09,10.87,11.05,10.65,10.65,210280
2020-12-10,10.7,10.75,10.49,10.74,180444
2020-12-11,10.82,10.93,10.31,10.46,285156
2020-12-14,10.3,10.38,10.18,10.3,171682
2020-12-15,10.3,10.47,10.26,10.4,152128
2020-12-16,10.5,10.67,10.28,10.46,169659
2020-12-17,10.53,11.5,10.49,11.44,503058
2020-12-18,11.3,11.46,11.19,11.32,368225
2020-12-21,11.34,11.43,11.17,11.32,334145
2020-12-22,11.2,11.2,10.72,10.73,353760
2020-12-23,10.68,10.99,10.6,10.75,240080
2020-12-24,10.89,10.92,10.53,10.57,160100
2020-12-25,10.6,11.49,10.52,11.36,360328
2020-12-28,11.4,11.49,11.18,11.23,302012
2020-12-29,11.21,11.35,10.87,10.93,236711
2020-12-30,10.93,11.65,10.87,11.3,400887
2020-12-31,11.17,11.39,11.04,11.2,358700
2021-01-04,11.23,11.76,11.19,11.55,430838
2021-01-05,11.86,12.1,11.6,11.85,564372
2021-01-06,11.84,11.94,11.47,11.61,385143
2021-01-07,11.51,11.88,11.38,11.73,567396
2021-01-08,11.72,11.77,11.05,11.47,423532
2021-01-11,11.11,11.14,10.32,10.32,556449
2021-01-12,10.18,10.31,9.89,10.12,447060
2021-01-13,10.18,10.26,9.76,9.8,348604
2021-01-14,9.77,9.81,9.59,9.65,266942
2021-01-15,9.75,9.81,9.54,9.61,228819
2021-01-18,9.69,9.88,9.62,9.88,258899
2021-01-19,9.88,10.02,9.82,9.95,244950
2021-01-20,9.91,10.07,9.79,10.01,234029
2021-01-21,10.2,10.61,10.15,10.51,466595
2021-01-22,10.76,11.19,10.57,10.86,564410
2021-01-25,11.18,11.95,11.1,11.94,869898
2021-01-26,11.85,12.41,11.79,12.15,931035
2021-01-27,12.28,12.66,12.15,12.25,807145
2021-01-28,12.12,12.69,12.11,12.33,674786
2021-01-29,12.72,12.88,12.07,12.3,554039
2021-02-01,11.9,12.6,11.9,12.52,546630
2021-02-02,12.54,12.64,12.11,12.27,337420
2021-02-03,12.27,12.74,12.1,12.33,400100
2021-02-04,12.02,12.18,11.47,11.76,447514
2021-02-05,11.91,12.15,11.39,11.5,318289
2021-02-08,11.68,12.24,11.65,11.97,336224
2021-02-09,11.87,12.34,11.78,12.03,363993
2021-02-10,12.15,12.76,12.0,12.54,532821
2021-02-18,13.79,13.79,13.79,13.79,91238
2021-02-19,15.17,15.17,14.97,15.17,360058
2021-02-22,16.69,16.69,16.69,16.69,94572
2021-02-23,18.35,18.36,17.44,17.6,2403188
2021-02-24,17.51,18.8,16.67,18.0,2062708
2021-02-25,18.71,18.88,16.5,16.88,1944565
2021-02-26,15.19,16.33,15.19,15.6,1199924
2021-03-01,15.71,16.13,15.45,15.92,878201
2021-03-02,15.24,15.24,14.33,14.68,1061343
2021-03-03,14.73,15.13,14.5,15.0,785513
2021-03-04,14.52,14.87,14.38,14.51,603431
2021-03-05,14.0,14.4,13.75,14.16,483107
2021-03-08,14.66,14.67,13.42,13.48,532890
2021-03-09,13.49,13.99,13.03,13.54,517898
2021-03-10,13.7,13.85,13.22,13.31,384696
2021-03-11,13.6,14.57,13.43,14.5,721873
2021-03-12,14.3,14.39,13.94,14.33,556667
2021-03-15,13.9,14.21,13.57,14.01,394122
2021-03-16,13.88,13.92,13.3,13.6,375206
2021-03-17,13.42,13.67,13.11,13.54,350007
2021-03-18,13.81,13.95,13.5,13.51,356474
2021-03-19,13.41,13.68,13.22,13.35,293826
2021-03-22,13.1,13.59,13.1,13.5,290909
2021-03-23,13.61,13.64,12.66,12.77,485482
2021-03-24,12.6,12.69,12.01,12.11,451104
2021-03-25,12.08,12.28,12.01,12.06,293037
2021-03-26,12.0,12.34,11.93,12.24,344316
2021-03-29,12.25,12.43,12.1,12.28,274387
2021-03-30,12.2,12.53,11.99,12.4,384100
2021-03-31,12.23,12.43,11.92,12.32,343680
2021-04-01,12.36,12.56,12.16,12.48,345208
2021-04-02,12.83,13.36,12.58,13.14,603179
2021-04-06,13.53,13.82,13.18,13.18,524359
2021-04-07,13.13,13.29,12.86,13.25,335851
2021-04-08,13.1,13.84,13.04,13.49,616444
2021-04-09,13.48,13.48,13.13,13.26,321756
2021-04-12,13.11,13.2,12.56,12.64,368240
2021-04-13,12.63,12.74,12.57,12.69,198721
2021-04-14,12.71,12.83,12.36,12.78,221199
2021-04-15,12.76,13.17,12.6,13.12,388784
2021-04-16,13.4,13.5,13.14,13.25,418840
2021-04-19,13.26,13.68,13.08,13.62,402213
2021-04-20,13.38,13.55,13.16,13.29,360324
2021-04-21,13.14,13.73,13.1,13.22,327862
2021-04-22,13.27,13.52,13.2,13.25,316469
2021-04-23,13.14,13.32,12.96,13.25,297885
2021-04-26,13.38,13.77,13.34,13.63,499662
2021-04-27,13.85,14.85,13.85,14.43,892770
2021-04-28,14.4,14.43,13.97,14.25,444559
2021-04-29,14.81,15.05,14.43,14.92,750501
2021-04-30,14.65,14.81,14.31,14.6,470627
2021-05-06,15.35,15.73,14.9,15.15,701952
2021-05-07,15.19,15.85,15.19,15.49,732357
2021-05-10,15.8,16.29,15.5,16.18,748453
2021-05-11,15.6,15.61,14.81,15.22,591912
2021-05-12,15.18,15.44,15.05,15.35,355643
2021-05-13,14.7,14.74,14.21,14.43,479874
2021-05-14,14.37,14.45,14.03,14.41,354816
2021-05-17,14.48,14.88,14.47,14.79,339710
2021-05-18,15.05,15.73,15.03,15.23,368566
2021-05-19,15.14,15.15,14.84,15.08,262901
2021-05-20,14.15,14.38,13.91,14.22,461310
2021-05-21,14.18,14.83,14.18,14.63,308782
2021-05-24,14.5,14.64,14.31,14.39,232950
2021-05-25,14.56,15.01,14.4,14.8,316126
2021-05-26,14.81,15.24,14.52,14.97,303028
2021-05-27,15.07,15.31,14.97,15.05,275262
2021-05-28,16.29,16.56,15.98,16.07,983463
2021-05-31,16.35,16.53,16.01,16.19,562044
2021-06-01,15.88,15.93,15.35,15.72,477988
2021-06-02,15.73,16.36,15.6,15.97,465262
2021-06-03,15.73,16.95,15.71,16.43,537858
2021-06-04,15.88,16.38,15.78,16.08,351407
2021-06-07,16.33,16.45,15.93,15.95,300050
2021-06-08,15.96,16.14,15.4,15.65,311803
2021-06-09,16.12,16.46,16.06,16.16,416219
2021-06-10,16.03,16.36,15.77,15.88,288896
2021-06-11,16.15,17.47,16.09,17.47,794906
2021-06-15,17.4,17.46,15.72,15.74,990521
2021-06-16,15.45,15.53,14.72,14.81,540821
2021-06-17,14.82,15.2,14.76,14.93,307830
2021-06-18,14.4,14.98,14.3,14.84,350128
2021-06-21,14.59,15.05,14.42,14.86,262335
2021-06-22,15.06,15.25,14.88,15.14,251981
2021-06-23,15.39,15.75,15.22,15.63,292966
2021-06-24,15.77,15.99,15.5,15.64,227820
2021-06-25,15.74,15.89,15.53,15.81,245856
2021-06-28,15.82,16.12,15.64,15.82,221220
2021-06-29,15.85,15.91,15.39,15.49,214289
2021-06-30,15.73,16.15,15.58,16.03,301824
2021-07-01,15.98,16.4,15.56,15.6,264442
2021-07-02,15.49,16.05,15.28,15.64,263718
2021-07-05,15.82,16.66,15.82,16.44,406856
2021-07-06,16.69,17.07,16.47,16.93,415596
2021-07-07,16.57,16.93,16.4,16.82,339360
2021-07-08,16.8,17.61,16.78,16.91,427486
2021-07-09,17.16,18.54,16.95,18.22,877309
2021-07-12,18.35,18.73,16.66,16.76,979359
2021-07-13,17.12,17.68,17.0,17.26,555250
2021-07-14,17.2,17.28,16.28,16.42,508168
2021-07-15,16.42,17.22,16.35,17.06,474447
2021-07-16,17.24,18.6,17.13,17.88,912196
2021-07-19,18.69,18.8,17.78,17.9,738883
2021-07-20,17.2,17.7,16.86,17.61,512001
2021-07-21,17.7,17.84,17.29,17.67,533552
2021-07-22,17.48,18.24,17.48,17.88,531708
2021-07-23,18.45,19.38,18.29,18.81,811428
2021-07-26,19.05,19.49,18.22,18.55,818847
2021-07-27,19.25,19.53,17.3,17.35,904624
2021-07-28,17.23,17.4,16.2,16.68,607851
2021-07-29,17.1,17.67,17.02,17.59,497687
2021-07-30,17.59,17.72,17.1,17.52,507003
2021-08-02,17.58,17.73,16.8,17.53,499623
2021-08-03,17.31,17.31,16.14,16.33,608318
2021-08-04,16.4,16.7,16.19,16.65,342711
2021-08-05,16.5,16.57,16.15,16.32,316017
2021-08-06,16.35,17.22,16.22,17.12,509950
2021-08-09,16.8,17.12,16.53,17.02,321537
2021-08-10,17.33,18.15,17.13,17.94,592248
2021-08-11,18.12,18.58,17.78,18.51,593720
2021-08-12,18.9,19.16,18.55,19.08,612247
2021-08-13,18.5,18.76,18.31,18.68,469046
2021-08-16,18.6,18.66,17.57,17.62,607313
2021-08-17,17.88,18.42,17.87,18.02,598999
2021-08-18,18.02,18.11,17.49,17.64,458310
2021-08-19,17.21,17.47,16.92,17.15,426050
2021-08-20,16.22,16.53,15.89,16.3,640953
2021-08-23,16.47,16.91,16.4,16.45,599920
2021-08-24,16.77,18.09,16.68,17.66,900297
2021-08-25,17.81,18.32,17.46,18.25,641086
2021-08-26,18.58,20.08,18.4,20.08,841835
2021-08-27,20.89,22.0,20.25,21.71,1652088
2021-08-30,22.01,23.11,21.62,22.6,1381356
2021-08-31,22.19,24.61,22.03,24.4,1144212
2021-09-01,24.78,26.3,23.11,24.0,1311410
2021-09-02,23.97,25.2,23.6,24.66,961176
2021-09-03,24.05,24.8,22.46,22.9,1092359
2021-09-06,23.69,23.81,21.9,22.36,773927
2021-09-07,22.65,22.85,21.92,22.32,778044
2021-09-08,22.28,22.49,21.66,21.9,927171
2021-09-09,22.32,23.95,22.1,23.26,1163280
2021-09-10,23.72,25.24,23.37,23.47,1371306
2021-09-13,24.0,24.6,23.0,24.17,1169743
2021-09-14,23.48,23.49,22.02,22.18,1169454
2021-09-15,22.22,22.58,21.46,22.44,721975
2021-09-16,23.21,23.77,22.22,22.42,925023
2021-09-17,22.6,22.8,20.8,21.32,888526
2021-09-22,21.3,23.21,21.25,23.21,838788
2021-09-23,23.3,23.38,21.99,22.62,737477
2021-09-24,23.34,23.58,21.18,21.43,830038
2021-09-27,21.43,21.7,19.31,19.43,960247
2021-09-28,19.4,19.79,19.19,19.45,449551
2021-09-29,19.52,19.65,18.46,18.74,504464
2021-09-30,18.97,19.01,18.33,18.81,368443
2021-10-08,19.46,19.48,18.35,18.7,430721
2021-10-11,18.97,19.22,18.51,18.97,390913
2021-10-12,19.1,19.38,17.92,18.16,566961
2021-10-13,18.12,18.35,17.31,18.0,460537
2021-10-14,18.3,19.0,17.82,18.68,445661
2021-10-15,18.83,19.19,18.5,18.9,405422
2021-10-18,19.5,20.46,18.9,20.27,679774
2021-10-19,19.9,20.4,19.68,20.19,455345
2021-10-20,19.1,19.83,19.04,19.41,456169
2021-10-21,19.9,20.68,19.61,20.06,487722
2021-10-22,19.65,19.84,18.68,18.93,587387
2021-10-25,18.9,19.49,18.55,19.12,385741
2021-10-26,19.28,19.28,18.63,18.7,371420
2021-10-27,18.81,18.81,18.14,18.27,313404
2021-10-28,17.54,17.76,16.44,16.44,655093
2021-10-29,16.46,16.63,16.11,16.43,492230
2021-11-01,16.97,17.26,16.58,17.15,430009
2021-11-02,17.1,17.35,16.29,16.67,436931
2021-11-03,16.58,16.93,16.32,16.86,290316
2021-11-04,16.82,17.08,16.44,16.54,330321
2021-11-05,16.24,16.49,15.85,15.89,404696
2021-11-08,16.02,16.36,15.9,16.19,285927
2021-11-09,16.32,16.32,16.01,16.25,221970
2021-11-10,16.04,16.11,15.54,16.04,322076
2021-11-11,16.28,16.91,16.1,16.87,459575
2021-11-12,16.96,17.38,16.9,16.92,453489
2021-11-15,16.61,16.78,16.18,16.37,365646
2021-11-16,16.27,16.66,16.08,16.19,249160
2021-11-17,16.13,16.49,16.03,16.44,208839
2021-11-18,16.46,17.09,16.35,16.8,351569
2021-11-19,17.16,17.51,17.1,17.35,400838
2021-11-22,17.48,17.78,17.38,17.4,380967
2021-11-23,17.53,18.07,17.34,17.39,390503
2021-11-24,17.3,18.1,17.23,17.95,416149
2021-11-25,18.67,19.38,18.14,19.26,738920
2021-11-26,18.6,19.14,18.51,18.83,505128
2021-11-29,18.67,18.68,18.08,18.58,385094
2021-11-30,18.7,19.02,18.25,18.53,375728
2021-12-01,18.35,18.68,18.16,18.62,277819
2021-12-02,18.43,18.99,18.39,18.63,293428
2021-12-03,18.61,18.93,18.26,18.81,310398
2021-12-06,18.8,19.49,18.33,18.37,516249
2021-12-07,18.44,18.73,17.71,18.44,388784
2021-12-08,18.45,18.69,18.3,18.47,243831
2021-12-09,18.63,18.84,18.51,18.6,241546
2021-12-10,18.65,19.17,18.42,18.86,296219
2021-12-13,18.8,18.86,18.29,18.52,295997
2021-12-14,18.51,18.54,18.13,18.2,220814
2021-12-15,18.0,18.03,17.46,17.46,323382
2021-12-16,17.49,18.29,17.48,18.01,347708
2021-12-17,18.36,18.67,17.99,17.99,275454
2021-12-20,17.69,18.06,17.28,17.3,244363
2021-12-21,17.49,17.79,17.29,17.74,173502
2021-12-22,17.86,18.15,17.8,17.94,160532
2021-12-23,18.37,18.52,17.91,18.41,270382
2021-12-24,18.54,18.77,17.78,18.04,275502
2021-12-27,17.9,18.16,17.63,17.64,191019
2021-12-28,17.92,18.37,17.83,18.24,306590
2021-12-29,18.23,19.68,18.11,18.91,527119
2021-12-30,19.36,19.7,19.07,19.44,419913
2021-12-31,19.36,19.55,19.14,19.53,252896
2022-01-04,19.33,19.42,18.68,18.83,357873
2022-01-05,19.3,19.39,18.86,18.98,285425
2022-01-06,19.06,19.36,18.67,19.09,263718
2022-01-07,19.15,20.27,18.94,19.61,486342
2022-01-10,19.7,20.64,19.68,20.58,560802
2022-01-11,20.67,21.58,20.38,21.44,639884
2022-01-12,22.43,23.58,22.25,23.58,893720
2022-01-13,23.99,24.64,22.78,22.9,943393
2022-01-14,22.79,22.8,22.02,22.41,533562
2022-01-17,22.31,22.92,21.53,22.58,562549
2022-01-18,23.51,23.78,22.66,22.88,588194
2022-01-19,22.76,23.18,22.05,22.35,405235
2022-01-20,23.26,23.67,22.84,23.06,571317
2022-01-21,22.88,22.94,22.02,22.25,385813
2022-01-24,22.36,23.31,22.14,22.65,439193
2022-01-25,22.0,22.0,20.71,20.75,610031
2022-01-26,21.2,21.6,20.91,21.11,323635
2022-01-27,21.2,21.5,20.7,21.06,273761
2022-01-28,21.11,21.2,19.53,20.0,461223
2022-02-07,20.58,21.11,20.38,20.92,311948
2022-02-08,21.0,21.9,20.73,21.85,366052
2022-02-09,21.71,22.36,21.35,22.03,443835
2022-02-10,22.72,23.14,22.35,22.79,398616
2022-02-11,22.69,23.85,22.48,23.18,534185
2022-02-14,22.8,23.64,22.71,23.05,338785
2022-02-15,23.0,23.28,22.73,23.16,274847
2022-02-16,23.3,23.69,23.02,23.15,268564
2022-02-17,23.0,23.44,22.8,23.02,292598
2022-02-18,23.12,24.28,23.11,23.93,389365
2022-02-21,23.89,24.15,23.5,24.01,276233
2022-02-22,23.79,25.25,23.73,25.14,442423
2022-02-23,24.88,25.1,24.31,24.65,373439
2022-02-24,24.86,25.58,24.24,24.77,456270
2022-02-25,24.63,25.01,23.8,24.29,447890
2022-02-28,24.5,25.11,24.37,25.05,363722
2022-03-01,25.6,25.68,24.61,24.93,260619
2022-03-02,25.08,25.58,24.9,25.52,315002
2022-03-03,25.52,25.83,25.22,25.25,220446
2022-03-04,25.2,25.33,23.92,24.21,459668
2022-03-07,24.8,25.14,24.54,24.82,358704
2022-03-08,24.07,26.2,23.0,24.73,750936
2022-03-09,23.8,24.22,22.26,22.82,682710
2022-03-10,21.9,22.87,21.9,22.52,435690
2022-03-11,22.27,23.57,21.83,23.35,400634
2022-03-14,22.95,23.12,21.9,21.9,406411
2022-03-15,21.5,21.5,19.71,19.71,559424
2022-03-16,20.35,20.93,19.53,20.72,438203
2022-03-17,20.85,21.11,20.4,20.71,335184
2022-03-18,20.55,21.72,20.51,21.54,296842
2022-03-21,21.81,22.21,21.4,21.64,232875
2022-03-22,21.43,21.9,21.16,21.67,180073
2022-03-23,21.73,21.75,21.26,21.48,169439
2022-03-24,22.23,22.64,21.72,22.37,359192
2022-03-25,21.88,22.15,21.48,21.5,236018
2022-03-28,21.03,21.57,20.63,21.39,194696
2022-03-29,21.7,21.95,21.43,21.78,156007
2022-03-30,21.71,21.88,21.43,21.62,183331
2022-03-31,21.45,21.5,20.6,20.94,194511
2022-04-01,20.91,22.19,20.75,21.58,265637
2022-04-06,21.69,21.75,21.08,21.49,219398
2022-04-07,21.09,21.43,21.0,21.3,194067
2022-04-08,20.9,21.49,20.35,21.2,246077
2022-04-11,21.18,21.27,20.08,20.21,248620
2022-04-12,20.27,20.74,20.12,20.65,153016
2022-04-13,20.45,22.25,20.41,21.63,316726
2022-04-14,21.99,22.89,21.7,22.75,269512
2022-04-15,22.35,22.65,21.25,21.32,406564
2022-04-18,20.68,20.82,19.87,20.69,354504
2022-04-19,21.22,21.75,21.1,21.36,286978
2022-04-20,21.32,21.47,19.92,19.97,338465
2022-04-21,19.6,20.01,18.51,18.7,365675
2022-04-22,18.4,18.69,18.05,18.43,249045
2022-04-25,17.69,17.75,16.59,16.59,370620
2022-04-26,16.48,16.81,15.92,16.0,326791
2022-04-27,16.0,17.28,15.9,17.23,409488
2022-04-28,16.92,17.77,16.88,17.39,299310
2022-04-29,17.62,18.16,17.26,17.92,273696
2022-05-05,17.8,18.34,17.63,18.03,240112
2022-05-06,17.37,17.53,16.98,17.14,264343
2022-05-09,17.0,17.3,16.47,16.59,309728
2022-05-10,15.77,16.66,15.61,16.53,367713
2022-05-11,16.3,17.25,16.24,16.76,383181
2022-05-12,16.52,16.79,15.66,15.98,461274
2022-05-13,16.16,16.47,15.83,16.0,390123
2022-05-16,16.28,16.55,15.9,16.14,385438
2022-05-17,16.07,16.53,16.0,16.52,370517
2022-05-18,16.43,16.57,15.99,16.07,384297
2022-05-19,15.82,16.26,15.66,16.1,396641
2022-05-20,17.0,17.69,16.62,17.59,948437
2022-05-23,17.27,17.63,17.1,17.39,630471
2022-05-24,17.23,17.23,16.25,16.3,626479
2022-05-25,16.27,16.46,16.06,16.28,384194
2022-05-26,16.05,16.31,15.61,16.15,487496
2022-05-27,16.18,16.59,16.06,16.25,397480
2022-05-30,16.96,17.25,16.65,16.82,524264
2022-05-31,16.78,16.98,16.46,16.92,419296
2022-06-01,16.8,16.81,16.47,16.62,373674
2022-06-02,16.52,17.05,16.42,16.96,495097
2022-06-06,16.76,17.27,16.68,17.19,650245
2022-06-07,17.18,17.43,17.05,17.31,430318
2022-06-08,17.23,17.81,16.95,17.75,588748
2022-06-09,17.81,17.85,17.16,17.31,479019
2022-06-10,17.17,17.78,17.09,17.7,462248
2022-06-13,17.28,18.04,17.2,17.97,621058
2022-06-14,17.45,17.5,16.72,17.27,702302
2022-06-15,17.1,17.71,17.09,17.31,560069
2022-06-16,18.0,18.19,17.38,17.45,606768
2022-06-17,17.01,17.36,16.9,17.29,451941
2022-06-20,17.15,17.65,17.11,17.36,445714
2022-06-21,17.47,17.47,16.4,16.62,600447
2022-06-22,16.56,16.62,16.23,16.24,349783
2022-06-23,16.01,16.51,15.86,16.42,375785
2022-06-24,16.15,16.52,16.1,16.38,373661
2022-06-27,16.45,17.37,16.37,17.21,632941
2022-06-28,17.51,17.89,17.34,17.76,653502
2022-06-29,17.59,17.6,16.55,16.58,621120
2022-06-30,16.61,16.94,16.61,16.77,325460
2022-07-01,16.64,16.88,16.4,16.62,316225
2022-07-04,16.56,16.74,16.41,16.72,362874
2022-07-05,17.0,17.2,16.73,17.03,595434
2022-07-06,16.76,16.8,15.96,16.24,670213
2022-07-07,16.03,16.78,15.81,16.63,519299
2022-07-08,16.77,16.85,16.26,16.27,371356
2022-07-11,16.22,16.22,15.53,15.72,456196
2022-07-12,15.71,16.45,15.7,15.98,420016
2022-07-13,15.9,16.0,15.7,15.96,286045
2022-07-14,16.29,16.29,15.68,15.79,257026
2022-07-15,15.39,15.4,14.86,14.86,570377
2022-07-18,15.09,15.37,14.9,15.34,404613
2022-07-19,15.33,15.38,15.03,15.14,309602
2022-07-20,15.18,15.31,15.1,15.28,252849
2022-07-21,15.28,15.42,15.09,15.21,275380
2022-07-22,15.13,15.21,14.88,15.04,262306
2022-07-25,15.05,15.16,14.85,14.9,181443
2022-07-26,14.88,15.15,14.86,15.12,177322
2022-07-27,15.05,15.09,14.94,15.08,183392
2022-07-28,15.4,15.42,15.11,15.17,231612
2022-07-29,15.16,15.23,14.98,15.01,193697
2022-08-01,15.28,15.46,15.04,15.35,365788
2022-08-02,15.15,15.15,14.39,14.52,394211
2022-08-03,14.44,14.72,14.39,14.4,251010
2022-08-04,14.42,14.5,13.8,14.11,303861
2022-08-05,14.24,14.76,14.2,14.71,318850
2022-08-08,14.53,15.17,14.53,15.14,306752
2022-08-09,15.05,15.23,15.01,15.18,243953
2022-08-10,15.18,15.5,15.14,15.24,288239
2022-08-11,15.39,15.54,15.27,15.5,254308
2022-08-12,15.75,15.88,15.52,15.65,296169
2022-08-15,15.39,15.74,15.36,15.6,215304
2022-08-16,15.59,15.68,15.32,15.48,172100
2022-08-17,15.53,15.54,15.27,15.43,146380
2022-08-18,15.37,15.43,15.15,15.23,154769
2022-08-19,15.26,15.37,15.1,15.13,164258
2022-08-22,15.14,15.56,14.88,15.49,287530
2022-08-23,15.43,15.49,15.13,15.27,215999
2022-08-24,15.28,15.48,14.58,14.61,294148
2022-08-25,14.63,15.01,14.38,14.94,253084
2022-08-26,14.93,15.09,14.62,14.68,223710
2022-08-29,14.41,14.52,14.25,14.49,216459
2022-08-30,14.44,14.53,14.16,14.28,192043
2022-08-31,14.15,14.27,13.84,13.88,248651
2022-09-01,13.7,13.73,13.44,13.47,271828
2022-09-02,13.28,13.39,13.15,13.27,272083
2022-09-05,13.29,13.55,13.28,13.5,194413
2022-09-06,14.05,14.08,13.66,13.82,234716
2022-09-07,13.65,14.04,13.61,13.96,253717
2022-09-08,14.0,14.04,13.8,13.85,171503
2022-09-09,13.99,14.25,13.95,14.23,247515
2022-09-13,14.27,14.42,14.16,14.18,191014
2022-09-14,13.7,14.1,13.52,13.91,202870
2022-09-15,14.19,14.22,13.52,13.7,178880
2022-09-16,13.7,13.71,13.15,13.16,214358
2022-09-19,13.15,13.27,13.03,13.12,138644
2022-09-20,13.19,13.49,13.13,13.3,133805
2022-09-21,13.34,13.63,13.15,13.56,134520
2022-09-22,13.43,13.73,13.38,13.55,134194
2022-09-23,13.51,13.59,13.09,13.2,165247
2022-09-26,12.99,12.99,12.45,12.46,265655
2022-09-27,12.62,12.79,12.43,12.79,185556
2022-09-28,12.65,12.68,12.27,12.27,169794
2022-09-29,12.42,12.58,12.33,12.38,153209
2022-09-30,12.26,12.55,12.24,12.32,122620
2022-10-10,12.27,12.55,12.0,12.06,156339
2022-10-11,12.28,12.33,12.05,12.27,121197
2022-10-12,12.27,12.59,12.02,12.54,165811
2022-10-13,12.42,12.57,12.36,12.46,149708
2022-10-14,12.56,12.83,12.54,12.74,167229
2022-10-17,12.56,12.74,12.5,12.69,128966
2022-10-18,12.69,12.78,12.55,12.59,123947
2022-10-19,12.61,13.06,12.58,12.8,268404
2022-10-20,12.55,13.28,12.33,13.07,410021
2022-10-21,13.07,13.14,12.66,12.74,251882
2022-10-24,12.69,12.9,12.35,12.41,224622
2022-10-25,12.41,12.47,12.1,12.29,148545
2022-10-26,12.31,12.88,12.29,12.67,228351
2022-10-27,12.78,12.94,12.7,12.75,186159
2022-10-28,12.44,12.44,11.52,11.65,431378
2022-10-31,11.43,11.64,11.3,11.41,183062
2022-11-01,11.52,12.0,11.52,11.93,263696
2022-11-02,11.94,12.1,11.82,12.01,181507
2022-11-03,11.85,12.05,11.82,11.92,135977
2022-11-04,11.92,12.68,11.89,12.6,337138
2022-11-07,12.98,13.35,12.93,13.08,374692
2022-11-08,13.16,13.26,12.96,13.11,206034
2022-11-09,13.47,13.56,13.11,13.13,205339
2022-11-10,12.94,13.1,12.87,12.98,154979
2022-11-11,13.59,13.86,13.35,13.73,440881
2022-11-14,13.75,13.85,13.11,13.2,326598
2022-11-15,13.16,13.63,13.05,13.59,268793
2022-11-16,13.81,14.14,13.58,14.0,499734
2022-11-17,13.75,13.78,13.35,13.54,327834
2022-11-18,13.41,13.49,13.23,13.3,178513
2022-11-21,13.03,13.19,12.9,13.12,144460
2022-11-22,13.0,13.31,12.97,13.05,173557
2022-11-23,13.12,13.37,13.1,13.19,173618
2022-11-24,13.3,13.33,13.04,13.07,147848
2022-11-25,13.08,13.43,13.06,13.21,174900
2022-11-28,12.9,13.12,12.61,13.09,182044
2022-11-29,13.15,13.5,13.13,13.46,212474
2022-11-30,13.42,13.57,13.36,13.43,172431
2022-12-01,13.74,13.78,13.44,13.45,180354
2022-12-02,13.51,13.58,13.33,13.38,107013
2022-12-05,13.62,14.15,13.55,13.99,362745
2022-12-06,13.9,14.21,13.87,14.06,239668
2022-12-07,14.07,14.14,13.78,13.83,240055
2022-12-08,13.93,13.98,13.78,13.87,125018
2022-12-09,13.86,14.37,13.79,14.3,324586
2022-12-12,14.0,14.01,13.55,13.57,316020
2022-12-13,13.65,14.02,13.6,13.77,187526
2022-12-14,13.86,14.11,13.78,13.86,189706
2022-12-15,13.74,13.78,13.54,13.75,133228
2022-12-16,13.5,13.7,13.42,13.61,107424
2022-12-19,13.62,13.79,13.15,13.26,132194
2022-12-20,13.31,13.4,13.14,13.27,89374
2022-12-21,13.54,13.54,13.15,13.25,83185
2022-12-22,13.47,13.48,12.9,12.97,120025
2022-12-23,12.89,13.05,12.83,12.95,63196
2022-12-26,12.96,13.11,12.95,13.03,69815
2022-12-27,13.1,13.35,13.0,13.35,147535
2022-12-28,13.48,14.35,13.34,14.23,638049
2022-12-29,14.07,14.11,13.75,13.86,266509
2022-12-30,13.87,14.3,13.81,14.1,263330
2023-01-03,13.93,14.19,13.88,14.16,215445
2023-01-04,14.11,14.18,13.88,13.9,168483
2023-01-05,13.9,14.0,13.8,13.9,153804
2023-01-06,13.8,14.0,13.74,13.81,158860
2023-01-09,13.95,14.26,13.87,14.08,284687
2023-01-10,14.08,14.14,13.88,13.98,136135
2023-01-11,14.12,14.56,14.07,14.37,350099
2023-01-12,14.46,14.58,14.25,14.43,251860
2023-01-13,14.69,14.8,14.42,14.55,247903
2023-01-16,14.87,15.08,14.68,14.78,332166
2023-01-17,14.63,14.75,14.43,14.53,198793
2023-01-18,14.64,14.89,14.62,14.74,184879
2023-01-19,14.64,14.89,14.62,14.69,207256
2023-01-20,14.61,15.03,14.4,14.98,291865
2023-01-30,15.2,15.52,15.09,15.33,394514
2023-01-31,15.1,15.37,15.04,15.17,240419
2023-02-01,15.27,16.51,15.23,16.11,650344
2023-02-02,15.9,15.94,15.61,15.85,363619
2023-02-03,15.71,15.71,15.26,15.45,292915
2023-02-06,14.99,15.12,14.76,15.07,232404
2023-02-07,15.0,15.18,14.9,15.15,239699
2023-02-08,15.13,15.23,15.02,15.04,185917
2023-02-09,14.92,15.19,14.9,15.15,191808
2023-02-10,15.1,15.14,14.69,14.79,235885
2023-02-13,14.72,15.01,14.67,14.92,166058
2023-02-14,14.96,15.33,14.92,15.18,292136
2023-02-15,15.01,15.24,14.88,14.93,207049
2023-02-16,15.02,15.1,14.36,14.59,226124
2023-02-17,14.59,14.88,14.58,14.61,187205
2023-02-20,14.6,15.4,14.58,15.29,377400
2023-02-21,15.62,16.15,15.48,15.97,635346
2023-02-22,15.96,16.49,15.88,16.02,530606
2023-02-23,16.01,16.06,15.62,15.71,262384
2023-02-24,15.66,15.69,15.41,15.52,200986
2023-02-27,15.44,15.87,15.24,15.54,253106
2023-02-28,15.59,15.74,15.36,15.49,211438
2023-03-01,15.41,15.8,15.24,15.8,253543
2023-03-02,15.71,15.81,15.53,15.69,229590
2023-03-03,15.51,15.53,15.26,15.37,245174
2023-03-06,15.42,15.5,15.01,15.32,239164
2023-03-07,15.26,15.47,14.96,15.0,212493
2023-03-08,14.98,14.99,14.73,14.89,201792
2023-03-09,15.0,15.03,14.69,14.7,168476
2023-03-10,14.6,14.6,14.12,14.17,271785
2023-03-13,14.05,14.28,13.97,14.26,163695
2023-03-14,14.24,14.51,13.91,14.01,229110
2023-03-15,14.11,14.34,14.11,14.2,139843
2023-03-16,13.78,13.94,13.59,13.65,247839
2023-03-17,13.79,14.12,13.74,13.98,175617
2023-03-20,14.28,14.3,14.01,14.03,149342
2023-03-21,14.03,14.14,13.9,14.13,123279
2023-03-22,14.13,14.21,14.02,14.18,112690
2023-03-23,14.12,14.31,14.05,14.27,143654
2023-03-24,14.51,14.82,14.43,14.68,323592
2023-03-27,14.75,15.18,14.75,14.93,336599
2023-03-28,15.2,15.57,15.06,15.09,456577
2023-03-29,15.3,15.35,14.66,14.75,234230
2023-03-30,14.72,14.87,14.45,14.85,197823
2023-03-31,14.86,15.05,14.71,14.86,156288
2023-04-03,14.8,14.82,14.5,14.62,243407
2023-04-04,14.66,14.75,14.41,14.66,202406
2023-04-06,14.52,14.68,14.4,14.58,182303
2023-04-07,14.57,14.7,14.5,14.56,127200
2023-04-10,14.51,14.71,14.38,14.48,155698
2023-04-11,14.44,14.95,14.15,14.87,284546
2023-04-12,14.81,15.34,14.81,15.24,377922
2023-04-13,15.27,15.38,14.8,14.84,227283
2023-04-14,14.99,15.33,14.98,15.32,317531
2023-04-17,15.84,16.85,15.68,16.85,1049394
2023-04-18,17.48,17.96,17.18,17.37,1746601
2023-04-19,17.2,17.46,16.48,16.91,909501
2023-04-20,16.85,16.86,16.21,16.52,601367
2023-04-21,16.38,16.46,15.66,15.72,507342
2023-04-24,15.75,16.1,15.47,15.66,412559
2023-04-25,15.79,15.87,14.97,15.25,364078
2023-04-26,15.0,15.31,14.68,15.13,302769
2023-04-27,14.96,14.98,14.75,14.82,271072
2023-04-28,14.84,15.49,14.84,15.42,307486
2023-05-04,15.19,15.58,15.13,15.28,257653
2023-05-05,15.13,15.13,14.4,14.47,439133
2023-05-08,14.56,15.0,14.52,15.0,249310
2023-05-09,15.03,15.4,14.74,14.77,269871
2023-05-10,14.88,14.95,14.71,14.88,144746
2023-05-11,14.8,15.03,14.69,14.94,160487
2023-05-12,14.63,14.64,14.18,14.25,293290
2023-05-15,14.15,14.22,13.88,14.22,191384
2023-05-16,14.23,14.25,13.93,14.0,140807
2023-05-17,13.9,14.03,13.8,13.94,115741
2023-05-18,14.08,14.09,13.86,14.02,136729
2023-05-19,13.89,14.01,13.77,13.95,143360
2023-05-22,13.96,13.97,13.79,13.89,128691
2023-05-23,13.87,13.87,13.62,13.66,116155
2023-05-24,13.61,14.19,13.5,13.86,231735
2023-05-25,13.82,14.13,13.66,14.04,224903
2023-05-26,14.06,14.09,13.64,13.93,176787
2023-05-29,13.88,14.57,13.88,14.4,330967
2023-05-30,14.79,14.86,14.32,14.54,269793
2023-05-31,14.38,14.45,14.2,14.22,151364
2023-06-01,14.2,14.8,14.15,14.56,199598
2023-06-02,14.62,14.86,14.6,14.8,198918
2023-06-05,14.56,14.72,14.45,14.68,152922
2023-06-06,14.67,14.98,14.58,14.65,177920
2023-06-07,14.72,14.9,14.5,14.7,132247
2023-06-08,14.65,14.73,14.48,14.62,118070
2023-06-09,14.8,15.43,14.8,15.04,414542
2023-06-12,14.96,15.15,14.85,15.03,197972
2023-06-13,15.03,15.03,14.72,14.79,169320
2023-06-14,14.8,15.19,14.78,14.92,163201
2023-06-15,15.15,15.39,15.03,15.27,257608
2023-06-16,15.51,15.87,15.41,15.51,260393
2023-06-19,15.39,15.6,15.11,15.26,183561
2023-06-20,15.27,15.35,14.91,15.01,165582
2023-06-21,14.91,15.09,14.85,14.87,119852
2023-06-26,14.76,14.81,14.5,14.56,172945
2023-06-27,14.56,14.82,14.5,14.74,142016
2023-06-28,14.74,14.95,14.41,14.68,142368
2023-06-29,14.86,14.99,14.61,14.78,113183
2023-06-30,14.9,15.76,14.85,15.55,358837
2023-07-03,15.8,16.53,15.8,15.99,513998
2023-07-04,16.22,16.35,15.93,16.14,298551
2023-07-05,16.05,16.5,15.97,16.38,339408
2023-07-06,16.99,17.05,16.22,16.51,457626
2023-07-07,16.43,16.55,16.16,16.31,286201
2023-07-10,16.26,16.39,15.81,15.89,266379
2023-07-11,16.0,16.1,15.74,16.06,200367
2023-07-12,16.01,16.23,15.9,15.95,143404
2023-07-13,16.3,16.72,16.24,16.54,324190
2023-07-14,16.51,16.65,16.38,16.4,153265
2023-07-17,16.27,16.67,16.12,16.48,175183
2023-07-18,16.39,16.57,16.36,16.48,119046
2023-07-19,16.55,16.68,16.31,16.4,178535
2023-07-20,16.39,16.56,16.21,16.29,224198
2023-07-21,16.07,16.45,16.0,16.11,200992
2023-07-24,16.04,16.14,15.76,15.85,137612
2023-07-25,16.03,16.25,16.03,16.15,139117
2023-07-26,16.15,16.22,15.93,15.97,127958
2023-07-27,16.45,16.51,15.94,15.98,178684
2023-07-28,15.74,16.13,15.54,16.05,191351
2023-07-31,16.05,17.05,16.05,16.64,374129
2023-08-01,16.77,16.83,15.4,15.68,551838
2023-08-02,15.79,15.83,15.48,15.7,181924
2023-08-03,16.0,16.25,15.65,16.09,333197
2023-08-04,16.12,16.88,16.12,16.36,458231
2023-08-07,16.33,16.33,16.07,16.21,203005
2023-08-08,16.15,16.38,16.0,16.27,128403
2023-08-09,16.11,16.14,15.66,15.7,216024
2023-08-10,15.66,15.76,15.46,15.65,134571
2023-08-11,15.59,15.72,15.08,15.12,200753
2023-08-14,14.9,15.03,14.65,14.8,205943
2023-08-15,14.65,14.75,14.45,14.7,155974
2023-08-16,14.6,14.9,14.58,14.71,126191
2023-08-17,14.52,14.62,14.38,14.58,179368
2023-08-18,14.58,14.71,14.25,14.26,159374
2023-08-21,14.28,14.57,14.27,14.31,112863
2023-08-22,14.42,14.86,14.42,14.69,263427
2023-08-23,14.61,14.65,14.23,14.3,151361
2023-08-24,14.39,14.7,14.28,14.4,160305
2023-08-25,14.31,14.33,13.96,14.06,191470
2023-08-28,14.73,14.74,13.9,14.0,259353
2023-08-29,13.98,14.26,13.91,14.2,174441
2023-08-30,14.26,14.38,14.07,14.11,157230
2023-08-31,14.23,14.32,13.89,14.0,166759
2023-09-01,14.01,14.46,13.94,14.33,226387
2023-09-04,14.43,14.94,14.42,14.83,286300
2023-09-05,14.91,15.05,14.77,15.0,234797
2023-09-06,14.93,15.07,14.86,15.02,140834
2023-09-07,15.0,15.01,14.66,14.69,151312
2023-09-08,14.6,14.7,14.41,14.44,107173
2023-09-11,14.4,14.91,14.36,14.77,129780
2023-09-12,14.73,14.83,14.66,14.68,94586
2023-09-13,14.64,14.72,14.42,14.53,96842
2023-09-14,14.59,14.95,14.53,14.82,149679
2023-09-15,14.84,15.0,14.73,14.83,150152
2023-09-18,14.82,14.9,14.56,14.87,131599
2023-09-19,14.77,14.87,14.65,14.71,102766
2023-09-20,14.9,14.98,14.64,14.73,90934
2023-09-21,14.64,14.72,14.51,14.56,100594
2023-09-22,14.4,14.65,14.31,14.62,136693
2023-09-25,14.84,14.88,14.47,14.5,121679
2023-09-26,14.45,14.56,14.33,14.34,80975
2023-09-27,14.24,14.48,14.21,14.3,75251
2023-09-28,14.31,14.44,14.29,14.33,85719
2023-10-09,14.18,14.19,13.84,14.04,172748
2023-10-10,14.04,14.12,13.92,13.98,116180
2023-10-11,14.02,14.15,13.95,13.98,98100
2023-10-12,14.06,14.28,14.04,14.24,107509
2023-10-13,14.17,14.18,13.93,13.98,93689
2023-10-16,14.15,14.28,13.89,13.96,114901
2023-10-17,13.9,14.05,13.9,13.97,83770
2023-10-18,13.95,13.98,13.64,13.66,100286
2023-10-19,13.53,13.7,13.5,13.51,80069
2023-10-20,13.45,13.52,13.23,13.3,114556
2023-10-23,13.24,13.24,12.65,12.79,152367
2023-10-24,12.83,13.12,12.78,13.03,134548
2023-10-25,13.26,13.48,13.16,13.2,96520
2023-10-26,13.07,13.24,13.01,13.23,77825
2023-10-27,13.25,13.45,13.11,13.41,188400
2023-10-30,13.42,14.17,13.38,14.06,283861
2023-10-31,14.07,14.33,14.01,14.1,179827
2023-11-01,13.95,14.22,13.86,14.13,272096
2023-11-02,14.15,14.22,13.93,13.97,128048
2023-11-03,13.97,14.17,13.94,14.12,112675
2023-11-06,14.18,14.3,14.0,14.22,213129
2023-11-07,14.14,14.48,14.09,14.36,147839
2023-11-08,14.33,14.41,14.09,14.17,130318
2023-11-09,14.1,14.21,14.02,14.12,102715
2023-11-10,14.1,14.15,13.97,13.99,104572
2023-11-13,14.09,14.36,13.87,14.3,197906
2023-11-14,14.24,14.3,14.09,14.18,81581
2023-11-15,14.34,14.48,14.25,14.43,130630
2023-11-16,14.42,14.47,14.26,14.28,70227
2023-11-17,14.23,14.34,14.17,14.28,55877
2023-11-20,14.24,14.34,14.1,14.2,98714
2023-11-21,14.3,14.37,14.1,14.14,100969
2023-11-22,14.06,14.16,13.97,13.99,89768
2023-11-23,13.94,14.05,13.85,14.01,97543
2023-11-24,13.96,14.05,13.85,13.88,81038
2023-11-27,13.81,14.07,13.81,13.88,99420
2023-11-28,13.7,13.86,13.48,13.83,149616
2023-11-29,13.93,14.04,13.85,13.97,107292
2023-11-30,13.93,13.94,13.78,13.8,80138
2023-12-01,13.86,13.9,13.7,13.85,62335
2023-12-04,13.99,14.18,13.95,13.97,119371
2023-12-05,13.91,13.96,13.58,13.62,118014
2023-12-06,13.61,14.02,13.61,13.79,147641
2023-12-07,13.92,14.02,13.67,13.95,122871
2023-12-08,13.94,13.98,13.77,13.8,102097
2023-12-11,13.73,14.06,13.46,13.95,174170
2023-12-12,13.86,14.02,13.74,13.9,127055
2023-12-13,13.9,13.93,13.71,13.73,56405
2023-12-14,13.86,13.94,13.7,13.74,81974
2023-12-15,13.85,13.99,13.77,13.81,102357
2023-12-18,13.81,13.81,13.54,13.62,90691
2023-12-19,13.61,13.61,13.3,13.44,92666
2023-12-20,13.46,13.57,13.32,13.37,66222
2023-12-21,13.29,13.61,13.2,13.5,105428
2023-12-22,13.52,13.92,13.45,13.77,124819
2023-12-25,13.68,13.82,13.57,13.69,79681
2023-12-26,13.74,13.79,13.43,13.59,83563
2023-12-27,13.69,14.06,13.57,14.0,172029
2023-12-28,13.99,14.42,13.95,14.39,202585
2023-12-29,14.32,14.49,14.26,14.32,154113
2024-01-02,14.32,14.59,14.29,14.43,147876
2024-01-03,14.4,14.63,14.38,14.48,107470
2024-01-04,14.47,14.51,14.29,14.36,75615
2024-01-05,14.35,14.46,14.11,14.2,92710
2024-01-08,14.15,14.23,13.96,13.98,82163
2024-01-09,13.97,14.2,13.86,14.06,83287
2024-01-10,14.0,14.06,13.78,13.8,98209
2024-01-11,13.8,14.03,13.74,13.94,86318
2024-01-12,13.93,14.08,13.86,13.89,88273
2024-01-15,14.07,14.08,13.81,13.89,95016
2024-01-16,13.89,14.05,13.68,13.86,108552
2024-01-17,13.99,14.1,13.67,13.67,167669
2024-01-18,13.63,13.75,13.06,13.42,218560
2024-01-19,13.43,13.58,13.23,13.28,101851
2024-01-22,13.17,13.27,12.46,12.5,157785
2024-01-23,12.55,12.86,12.36,12.82,146535
2024-01-24,12.85,13.23,12.61,13.17,137009
2024-01-25,13.16,13.44,13.14,13.42,154769
2024-01-26,13.4,13.76,13.35,13.56,164151
2024-01-29,13.56,13.62,13.23,13.32,121986
2024-01-30,13.19,13.31,12.82,12.89,92565
2024-01-31,12.81,12.96,12.52,12.58,139177
2024-02-01,12.5,12.59,12.16,12.16,200640
2024-02-02,12.21,12.21,11.18,11.6,279410
2024-02-05,11.45,11.58,10.8,11.02,266805
2024-02-06,10.8,11.79,10.73,11.74,310233
2024-02-07,11.74,12.69,11.71,12.67,346105
2024-02-08,12.71,13.49,12.69,12.81,347763
2024-02-19,12.98,13.27,12.83,13.12,262087
2024-02-20,13.0,13.04,12.8,12.95,123158
2024-02-21,12.91,13.36,12.8,13.04,168225
2024-02-22,13.0,13.34,12.99,13.28,140007
2024-02-23,13.4,13.58,13.3,13.57,195200
2024-02-26,13.65,13.8,13.48,13.5,181790
2024-02-27,13.43,13.79,13.38,13.77,161265
2024-02-28,13.74,13.98,13.5,13.5,230535
2024-02-29,13.38,13.8,13.38,13.76,184125
2024-03-01,13.75,14.01,13.67,13.97,201103
2024-03-04,13.99,14.08,13.73,13.91,188070
2024-03-05,13.84,14.12,13.79,13.88,178710
2024-03-06,13.82,13.98,13.72,13.87,108564
2024-03-07,13.97,14.7,13.93,14.27,301635
2024-03-08,14.35,14.57,14.27,14.56,211801
2024-03-11,14.5,14.67,14.35,14.52,219679
2024-03-12,14.54,14.58,14.19,14.25,201722
2024-03-13,14.21,14.37,14.16,14.29,131662
2024-03-14,14.69,15.09,14.51,14.66,297098
2024-03-15,14.68,15.39,14.68,15.38,468121
2024-03-18,15.58,15.65,15.17,15.49,382436
2024-03-19,15.49,16.45,15.44,16.0,538140
2024-03-20,15.49,15.65,15.22,15.29,543019
2024-03-21,15.47,15.62,15.02,15.4,429446
2024-03-22,15.28,15.34,14.54,14.6,607601
2024-03-25,14.66,14.97,14.56,14.62,308123
2024-03-26,14.55,14.64,14.25,14.48,262583
2024-03-27,14.43,14.53,14.19,14.2,190944
2024-03-28,14.2,14.61,14.18,14.44,210098
2024-03-29,14.65,15.2,14.55,15.07,384310
2024-04-01,15.08,15.46,14.88,15.1,376395
2024-04-02,15.02,15.5,15.02,15.4,358573
2024-04-03,15.48,16.09,15.31,15.94,629240
2024-04-08,16.38,16.79,15.92,16.0,825334
2024-04-09,16.26,16.78,16.03,16.25,637454
2024-04-10,16.93,17.2,16.44,16.97,764164
2024-04-11,16.59,17.83,16.24,17.01,1006574
2024-04-12,17.01,17.28,16.45,17.05,738086
2024-04-15,16.7,17.8,16.18,17.79,773660
2024-04-16,17.5,17.98,16.34,16.48,868784
2024-04-17,16.3,16.86,16.3,16.76,530085
2024-04-18,16.76,17.5,16.68,17.5,636422
2024-04-19,18.02,18.88,17.65,18.32,1126412
2024-04-22,18.97,19.37,17.8,17.81,1204598
2024-04-23,17.53,17.8,16.36,16.42,1031489
2024-04-24,16.45,16.94,16.18,16.7,623623
2024-04-25,16.58,17.02,16.28,16.95,455324
2024-04-26,16.95,17.4,16.78,17.23,594031
2024-04-29,16.89,16.89,16.43,16.7,571278
2024-04-30,16.85,17.0,16.4,16.49,440599
2024-05-06,16.28,16.95,16.18,16.92,443179
2024-05-07,17.12,17.36,16.83,16.87,406255
2024-05-08,16.67,16.97,16.52,16.65,270156
2024-05-09,16.6,17.15,16.6,16.95,340747
2024-05-10,17.41,17.65,16.84,17.41,555937
2024-05-13,16.97,17.12,16.7,17.0,379757
2024-05-14,17.35,17.57,17.11,17.49,484522
2024-05-15,17.3,17.79,17.2,17.46,430066
2024-05-16,17.51,17.76,16.9,16.95,464782
2024-05-17,17.05,17.2,16.76,17.17,315537
2024-05-20,17.61,18.18,17.32,17.94,701047
2024-05-21,17.93,18.03,17.28,17.47,488626
2024-05-22,17.2,17.35,16.96,17.06,245720
2024-05-23,16.47,16.54,16.04,16.13,376388
2024-05-24,16.03,16.37,16.02,16.16,228703
2024-05-27,16.17,16.57,16.17,16.55,230559
2024-05-28,16.82,17.75,16.82,17.18,656453
2024-05-29,17.22,18.02,17.06,17.86,575476
2024-05-30,17.82,17.89,16.75,16.84,515482
2024-05-31,16.92,17.28,16.63,16.8,299669
2024-06-03,16.55,16.6,15.75,15.93,557315
2024-06-04,15.96,16.47,15.89,16.3,333100
2024-06-05,15.97,16.03,15.7,15.71,345973
2024-06-06,15.92,16.14,15.74,15.81,301257
2024-06-07,16.14,16.16,15.75,15.97,222690
2024-06-11,15.74,15.74,15.25,15.51,349512
2024-06-12,15.5,16.13,15.45,16.03,377822
2024-06-13,15.9,16.04,15.51,15.66,290302
2024-06-14,15.5,15.66,15.4,15.58,240192
2024-06-17,15.5,15.62,15.11,15.25,255761
2024-06-18,15.3,15.57,15.27,15.45,208415
2024-06-19,15.53,15.72,15.45,15.53,182773
2024-06-20,15.69,15.97,15.47,15.57,250500
2024-06-21,15.68,15.86,15.37,15.39,202783
2024-06-24,15.17,15.37,15.02,15.23,214924
2024-06-25,15.18,15.37,15.02,15.17,204452
2024-06-26,14.92,15.17,14.76,15.14,264799
2024-06-27,15.09,15.1,14.76,14.78,213786
2024-06-28,14.79,15.68,14.79,15.49,350365
2024-07-01,15.51,15.93,15.5,15.89,247014
2024-07-02,15.81,15.85,15.53,15.67,161613
2024-07-03,15.59,15.67,15.44,15.5,138376
2024-07-04,15.7,15.79,15.23,15.26,192605
2024-07-05,15.25,15.78,15.1,15.71,226592
2024-07-08,16.0,16.08,15.5,15.6,261833
2024-07-09,15.5,16.21,15.5,16.18,310999
2024-07-10,16.1,16.42,15.61,15.69,367608
2024-07-11,16.19,16.83,16.01,16.66,435789
2024-07-12,16.33,16.48,15.87,16.03,421234
2024-07-15,15.88,16.24,15.67,15.99,262956
2024-07-16,15.8,16.2,15.76,16.11,241076
2024-07-17,16.21,16.28,15.55,15.6,289416
2024-07-18,15.11,15.45,14.93,15.42,298121
2024-07-19,15.0,15.09,14.74,14.94,249408
2024-07-22,14.88,15.03,14.49,14.53,273570
2024-07-23,14.5,14.59,13.61,13.65,473523
2024-07-24,13.65,13.7,13.34,13.64,266123
2024-07-25,13.41,13.48,13.03,13.09,272107
2024-07-26,13.21,13.81,13.21,13.59,292283
2024-07-29,13.72,13.77,13.48,13.57,152432
2024-07-30,13.49,13.49,13.31,13.36,156054
2024-07-31,13.48,14.07,13.42,14.06,250909
2024-08-01,14.21,14.35,13.93,14.04,228725
2024-08-02,13.78,13.88,13.65,13.7,211226
2024-08-05,13.51,13.82,13.39,13.41,225986
2024-08-06,13.56,13.69,13.24,13.39,158417
2024-08-07,13.48,13.63,13.35,13.45,141512
2024-08-08,13.4,13.52,13.24,13.39,107891
2024-08-09,13.9,14.3,13.87,13.87,439859
2024-08-12,13.82,14.13,13.68,13.87,203199
2024-08-13,13.9,14.04,13.7,13.87,137640
2024-08-14,14.0,14.02,13.7,13.72,129953
2024-08-15,13.74,14.03,13.64,13.96,132820
2024-08-16,14.3,14.34,13.98,14.01,215162
2024-08-19,14.05,14.33,14.02,14.15,148761
2024-08-20,14.23,14.25,13.85,13.94,131767
2024-08-21,13.83,14.02,13.76,13.98,96492
2024-08-22,14.07,14.1,13.82,13.87,119888
2024-08-23,13.81,14.02,13.72,13.99,106339
2024-08-26,14.16,14.2,13.84,14.08,169504
2024-08-27,14.0,14.04,13.64,13.82,139258
2024-08-28,13.85,14.05,13.66,13.71,145097
2024-08-29,13.48,13.91,13.39,13.83,153996
2024-08-30,13.84,14.18,13.67,13.95,229217
2024-09-02,13.9,13.9,13.39,13.45,246113
2024-09-03,13.39,13.71,13.39,13.54,107785
2024-09-04,13.33,13.4,13.14,13.23,134837
2024-09-05,13.28,13.42,13.13,13.23,96162
2024-09-06,13.25,13.32,13.13,13.17,103095
2024-09-09,13.0,13.09,12.84,12.99,141001
2024-09-10,13.03,13.04,12.69,12.91,131832
2024-09-11,12.82,12.94,12.77,12.92,108418
2024-09-12,12.92,13.1,12.86,12.92,94403
2024-09-13,13.1,13.18,12.78,12.8,127090
2024-09-18,12.8,12.93,12.6,12.81,140989
2024-09-19,12.85,13.27,12.69,13.27,214186
2024-09-20,13.21,13.47,13.11,13.47,197411
2024-09-23,13.37,13.58,13.27,13.31,139379
2024-09-24,13.51,13.89,13.39,13.89,233935
2024-09-25,14.17,14.31,13.75,13.79,365590
2024-09-26,13.77,14.3,13.74,14.3,296434
2024-09-27,14.59,15.2,14.51,15.04,397870
2024-09-30,15.73,16.4,15.34,16.3,641631
2024-10-08,17.9,17.9,16.01,16.93,819918
2024-10-09,16.32,16.38,15.41,15.52,516421
2024-10-10,15.75,16.43,15.58,15.97,439791
2024-10-11,15.97,16.08,15.42,15.6,253586
2024-10-14,15.8,16.29,15.69,16.08,326307
2024-10-15,15.91,16.07,15.41,15.42,302644
2024-10-16,15.39,15.73,15.26,15.57,197808
2024-10-17,15.59,15.79,15.26,15.27,179779
2024-10-18,15.21,15.62,14.98,15.34,554914
2024-10-21,15.39,15.94,15.13,15.76,597230
2024-10-22,15.58,15.79,15.47,15.63,297115
2024-10-23,15.63,15.81,15.4,15.57,331011
2024-10-24,15.54,15.65,15.31,15.56,197494
2024-10-25,15.5,15.73,15.39,15.55,292779
2024-10-28,15.46,15.65,15.33,15.64,365629
2024-10-29,15.66,15.7,15.22,15.23,397111
2024-10-30,15.1,15.42,15.05,15.27,246771
2024-10-31,15.21,15.51,15.1,15.3,318321
2024-11-01,15.31,16.44,15.31,15.83,995168
2024-11-04,16.18,16.2,15.72,16.09,514158
2024-11-05,15.98,16.44,15.93,16.35,602233
2024-11-06,16.35,16.66,16.22,16.32,544558
2024-11-07,15.96,16.41,15.88,16.39,467153
2024-11-08,16.66,16.76,15.98,16.23,625629
2024-11-11,16.05,16.23,15.94,16.23,423266
2024-11-12,16.17,16.35,15.62,15.78,525736
2024-11-13,15.51,15.78,15.45,15.58,308632
2024-11-14,15.47,15.68,15.14,15.16,281479
2024-11-15,15.16,15.34,15.01,15.03,231086
2024-11-18,15.03,15.29,14.75,14.87,333526
2024-11-19,14.99,15.19,14.85,15.13,200048
2024-11-20,15.09,15.2,14.98,15.18,244147
2024-11-21,15.1,15.22,15.01,15.17,175836
2024-11-22,15.11,15.16,14.58,14.6,238849
2024-11-25,14.65,14.81,14.47,14.63,183813
2024-11-26,14.63,14.7,14.42,14.45,156275
2024-11-27,14.44,14.59,14.26,14.59,191339
2024-11-28,14.5,14.55,14.4,14.43,150801
2024-11-29,14.52,14.72,14.43,14.66,187899
2024-12-02,14.7,14.87,14.65,14.81,198850
2024-12-03,14.81,14.81,14.62,14.78,149935
2024-12-04,14.92,14.99,14.74,14.82,244074
2024-12-05,14.78,14.81,14.66,14.75,133377
2024-12-06,14.7,14.94,14.66,14.85,211250
2024-12-09,14.8,15.04,14.6,14.72,251654
2024-12-10,15.09,15.17,14.84,14.88,452801
2024-12-11,14.83,15.26,14.82,15.04,374129
2024-12-12,15.11,15.2,15.03,15.19,234370
2024-12-13,15.03,15.03,14.75,14.77,267177
2024-12-16,14.74,14.82,14.51,14.58,173915
2024-12-17,14.55,14.68,14.49,14.56,137283
2024-12-18,14.57,14.67,14.44,14.46,149024
2024-12-19,14.31,14.44,14.18,14.38,170355
2024-12-20,14.34,14.42,14.25,14.26,135454
2024-12-23,14.32,14.39,14.2,14.22,154881
2024-12-24,14.2,14.36,14.2,14.36,133232
2024-12-25,14.48,14.5,14.18,14.37,168322
2024-12-26,14.36,14.5,14.33,14.37,122676
2024-12-27,14.39,14.53,14.35,14.45,144210
2024-12-30,14.43,14.65,14.42,14.6,151318
2024-12-31,14.63,14.63,14.01,14.03,230191
2025-01-02,14.02,14.32,13.82,13.93,230433
2025-01-03,13.94,14.37,13.94,13.99,243355
2025-01-06,14.0,14.42,13.97,14.2,200044
2025-01-07,14.17,14.31,13.99,14.25,185449
2025-01-08,14.24,14.27,13.8,14.05,194070
2025-01-09,14.01,14.25,13.95,14.2,176951
2025-01-10,14.19,14.53,14.1,14.1,181291
2025-01-13,14.0,14.46,13.91,14.33,179622
2025-01-14,14.29,14.51,14.22,14.49,240881
2025-01-15,14.44,14.51,14.2,14.27,164716
2025-01-16,14.39,14.57,14.33,14.5,241856
2025-01-17,14.43,14.6,14.38,14.58,178506
2025-01-20,14.61,14.65,14.3,14.38,212219
2025-01-21,14.5,14.6,14.28,14.52,188649
2025-01-22,14.42,14.59,14.34,14.46,152882
2025-01-23,14.48,14.62,14.31,14.31,172706
2025-01-24,14.33,14.45,14.25,14.43,150552
2025-01-27,14.43,14.59,14.39,14.45,167556
2025-02-05,14.85,14.87,14.44,14.64,240698
2025-02-06,14.64,14.94,14.62,14.93,321386
2025-02-07,14.87,15.05,14.78,14.91,310184
2025-02-10,14.99,15.1,14.88,14.91,230154
2025-02-11,14.9,15.01,14.78,14.8,216191
2025-02-12,14.77,14.77,14.49,14.66,258108
2025-02-13,14.66,14.76,14.56,14.6,157176
2025-02-14,14.67,14.94,14.65,14.8,234411
2025-02-17,14.71,14.73,14.47,14.52,253996
2025-02-18,14.52,14.56,14.3,14.34,165712
2025-02-19,14.37,14.42,14.31,14.4,151093
2025-02-20,14.39,14.47,14.3,14.46,150930
2025-02-21,14.57,14.88,14.53,14.61,329274
2025-02-24,14.65,14.69,14.52,14.61,170512
2025-02-25,14.49,14.54,14.32,14.36,198685
2025-02-26,14.35,14.57,14.33,14.55,194092
2025-02-27,14.45,14.5,14.06,14.14,331981
2025-02-28,14.05,14.14,13.84,13.84,284156
2025-03-03,13.96,14.31,13.94,14.1,257671
2025-03-04,14.09,14.15,14.02,14.11,115898
2025-03-05,14.07,14.16,13.91,14.12,217225
2025-03-06,14.22,14.42,14.17,14.36,272443
2025-03-07,14.42,15.08,14.39,14.96,742859
2025-03-10,15.17,15.4,15.01,15.23,543059
2025-03-11,15.09,15.55,15.03,15.52,540927
2025-03-12,15.52,15.61,15.2,15.33,360949
2025-03-13,15.4,15.48,15.13,15.37,299757
2025-03-14,16.91,16.91,16.45,16.53,2132756
2025-03-17,16.05,16.43,15.9,16.09,1135735
2025-03-18,16.09,16.29,15.86,15.93,648735
2025-03-19,15.89,16.0,15.74,15.87,354018
2025-03-20,15.85,15.98,15.63,15.67,315795
2025-03-21,15.76,15.93,15.4,15.46,401568
2025-03-24,15.45,15.96,15.36,15.81,511785
2025-03-25,15.7,15.98,15.45,15.65,355290
2025-03-26,15.99,16.2,15.65,15.72,584845
2025-03-27,15.51,15.75,15.37,15.53,354471
2025-03-28,15.55,16.27,15.16,15.98,783945
2025-03-31,15.5,15.5,15.15,15.25,705329
2025-04-01,15.55,15.9,15.48,15.55,537815
2025-04-02,15.71,16.35,15.61,16.0,836453
2025-04-03,15.64,15.87,15.31,15.34,705983
2025-04-07,14.28,14.4,13.81,13.81,552834
2025-04-08,13.7,13.78,13.24,13.43,576833
2025-04-09,13.01,13.46,12.63,13.38,584186
2025-04-10,13.6,13.75,13.45,13.49,640529
2025-04-11,13.35,13.73,13.33,13.65,401384
2025-04-14,13.85,14.17,13.78,13.92,427804
2025-04-15,14.12,14.2,13.92,14.13,435082
2025-04-16,14.2,14.23,13.78,13.86,312831
2025-04-17,13.87,13.98,13.82,13.86,223380
2025-04-18,13.86,13.86,13.72,13.84,175902
2025-04-21,13.85,14.2,13.79,14.16,287079
2025-04-22,14.08,14.19,14.02,14.07,227778
2025-04-23,14.15,14.19,14.05,14.12,210794
2025-04-24,14.17,14.21,13.97,14.0,164671
2025-04-25,14.07,14.24,14.06,14.13,232300
2025-04-28,14.18,14.18,13.95,13.98,192400
2025-04-29,13.92,13.99,13.8,13.87,190694
2025-04-30,13.88,13.93,13.79,13.79,215422
2025-05-06,13.88,14.14,13.87,14.11,297144
2025-05-07,14.24,14.35,14.09,14.18,243557
2025-05-08,14.1,14.26,14.08,14.22,177048
2025-05-09,14.22,14.22,14.06,14.11,167171
2025-05-12,14.05,14.25,14.0,14.24,247256
2025-05-13,14.31,14.38,14.2,14.24,197493
2025-05-14,14.28,14.5,14.23,14.49,267204
2025-05-15,14.44,14.45,14.19,14.23,212644
2025-05-16,14.23,14.37,14.2,14.23,158717
2025-05-19,14.2,14.25,14.13,14.21,140718
2025-05-20,14.23,14.38,14.16,14.26,152637
2025-05-21,14.28,14.41,14.27,14.39,175522
2025-05-22,14.3,14.31,14.04,14.07,228981
2025-05-23,14.06,14.24,14.05,14.08,200995
2025-05-26,14.08,14.16,13.99,14.07,150029
2025-05-27,14.06,14.09,13.8,13.88,186805
2025-05-28,13.88,13.95,13.8,13.82,128290
2025-05-29,13.79,13.93,13.76,13.9,134254
2025-05-30,13.77,13.78,13.64,13.71,182889
2025-06-03,13.69,13.84,13.66,13.81,141973
2025-06-04,13.85,14.13,13.85,14.13,249196
2025-06-05,14.16,14.2,14.07,14.11,160959
2025-06-06,14.23,14.32,14.19,14.22,221155
2025-06-09,14.22,14.28,14.14,14.27,204658
2025-06-10,14.32,14.34,14.11,14.2,205643
2025-06-11,14.21,14.58,14.17,14.46,333008
2025-06-12,14.43,14.51,14.33,14.48,162779
2025-06-13,14.58,14.62,14.4,14.5,253684
2025-06-16,14.36,14.62,14.36,14.43,192835
2025-06-17,14.44,14.51,14.38,14.46,131187
2025-06-18,14.41,14.48,14.24,14.35,140492
2025-06-19,14.35,14.36,14.01,14.07,173241
2025-06-20,14.06,14.16,14.04,14.06,137224
2025-06-23,14.08,14.22,14.07,14.12,131372
2025-06-24,14.11,14.44,14.08,14.4,202894
2025-06-25,14.4,14.5,14.35,14.48,202943
2025-06-26,14.61,14.79,14.58,14.63,309804
2025-06-27,14.78,15.63,14.75,15.5,798959
2025-06-30,15.49,15.5,15.2,15.3,383488
2025-07-01,15.3,15.58,15.1,15.56,365158
2025-07-02,15.49,15.79,15.45,15.61,399638
2025-07-03,15.63,15.85,15.54,15.82,335595
2025-07-04,15.68,15.85,15.61,15.68,283759
2025-07-07,15.55,15.74,15.5,15.6,219750
2025-07-08,15.64,15.95,15.61,15.78,260286
2025-07-09,15.85,15.89,15.47,15.49,259567
2025-07-10,15.5,15.77,15.48,15.75,218810
2025-07-11,15.76,16.09,15.76,15.86,394056
2025-07-14,15.96,16.25,15.88,16.1,349348
2025-07-15,16.1,16.58,16.1,16.25,389630
2025-07-16,16.19,16.33,16.02,16.25,209506
2025-07-17,16.2,16.3,15.99,16.09,235386
2025-07-18,16.21,16.87,16.17,16.72,540252
2025-07-21,16.82,17.38,16.71,17.26,463210
2025-07-22,17.2,17.87,17.14,17.83,493967
2025-07-23,17.9,18.0,17.68,17.75,432000
2025-07-24,17.91,18.99,17.87,18.9,652930
2025-07-25,18.68,19.1,18.5,18.96,450886
2025-07-28,18.58,18.82,18.2,18.75,414045
2025-07-29,18.6,18.75,18.4,18.7,312779
2025-07-30,18.68,18.85,18.18,18.38,361402
2025-07-31,17.92,18.15,17.71,17.84,393193
2025-08-01,17.84,18.04,17.72,17.86,212835
2025-08-04,17.86,18.15,17.77,17.94,205526
2025-08-05,18.0,18.14,17.91,17.98,146113
2025-08-06,17.95,18.21,17.89,18.19,201516
2025-08-07,18.25,18.37,17.74,18.04,208182
2025-08-08,17.96,18.58,17.9,18.5,292469
2025-08-11,18.43,18.67,18.31,18.4,278261
2025-08-12,18.4,18.61,18.19,18.5,209763
2025-08-13,18.6,18.98,18.4,18.84,305528
2025-08-14,18.75,19.0,18.37,18.39,250348
2025-08-15,18.3,18.9,18.19,18.6,264354
2025-08-18,18.55,18.75,18.3,18.4,301573
2025-08-19,18.35,18.54,18.16,18.38,238966
2025-08-20,18.61,19.78,18.61,19.29,520747
2025-08-21,19.55,19.97,19.3,19.64,419587
2025-08-22,19.43,19.79,19.35,19.49,292449
2025-08-25,20.13,20.87,20.0,20.51,497483
2025-08-26,20.41,20.68,20.19,20.41,319843
2025-08-27,20.41,20.62,19.78,19.81,392450
2025-08-28,19.74,20.55,19.48,20.38,378815
2025-08-29,20.53,22.15,20.45,21.85,618723
2025-09-01,22.21,23.27,21.5,23.06,623026
2025-09-02,23.0,23.0,21.65,21.92,613683
2025-09-03,22.2,22.32,20.93,21.37,484499
2025-09-04,21.3,21.63,20.09,20.38,402604
2025-09-05,20.36,21.18,20.31,21.17,342902
2025-09-08,21.36,21.6,20.9,21.05,310724
2025-09-09,21.01,22.18,20.78,21.44,455281
2025-09-10,21.2,21.79,21.01,21.47,280228
2025-09-11,21.51,22.29,21.37,22.05,335118
2025-09-12,22.08,23.14,22.03,22.74,437804
2025-09-15,22.82,22.82,21.7,21.84,402178
2025-09-16,22.0,22.1,20.86,21.48,406503
2025-09-17,21.35,21.88,21.06,21.82,279012
2025-09-18,21.36,21.45,20.2,20.44,521541
2025-09-19,20.37,20.87,20.24,20.59,291965
2025-09-22,21.01,21.33,20.31,20.58,261466
2025-09-23,20.53,20.85,19.71,20.07,358999
2025-09-24,19.97,20.6,19.91,20.6,252897
2025-09-25,21.21,21.27,20.38,20.5,396134
2025-09-26,20.39,20.9,20.29,20.41,261900
2025-09-29,20.35,21.07,20.22,21.04,300618
2025-09-30,23.0,23.14,23.0,23.14,501637
2025-10-09,24.19,25.36,24.0,25.13,1094964
2025-10-10,24.6,25.81,24.38,25.27,791417
2025-10-13,24.0,25.1,23.83,24.89,685466
2025-10-14,25.36,26.3,23.39,23.66,811618
2025-10-15,23.9,23.99,22.86,23.55,501913
2025-10-16,23.49,24.28,22.92,23.01,532169
2025-10-17,23.26,23.52,22.06,22.16,409812
2025-10-20,22.17,22.45,21.86,22.07,343295
2025-10-21,22.23,23.05,22.11,22.63,393347
2025-10-22,21.99,22.66,21.88,22.45,245364
2025-10-23,22.33,22.67,21.77,22.65,240310
2025-10-24,22.82,23.16,22.49,23.12,346292
2025-10-27,23.27,24.32,23.25,24.24,662412
2025-10-28,24.0,24.0,23.0,23.12,452008
2025-10-29,23.29,24.59,23.29,24.47,525254
2025-10-30,24.18,24.95,24.0,24.43,433262
2025-10-31,24.32,24.44,23.64,23.69,309799
2025-11-03,23.63,23.92,22.31,23.24,417325
2025-11-04,23.01,23.1,21.73,22.01,377474
2025-11-05,21.55,22.4,21.48,22.31,321683
2025-11-06,22.26,23.06,22.21,22.91,343259
2025-11-07,22.68,23.06,22.5,22.95,214536
2025-11-10,23.23,23.89,23.16,23.49,354051
2025-11-11,23.65,24.04,23.0,23.26,237263
2025-11-12,23.55,24.58,23.46,24.24,532303
2025-11-13,24.86,26.36,24.8,25.77,799704
2025-11-14,24.98,25.56,24.78,24.78,446502
2025-11-17,24.68,24.76,23.87,24.06,343346
2025-11-18,23.94,23.99,22.82,23.12,375088
2025-11-19,23.3,24.58,23.13,24.48,402885
2025-11-20,24.23,24.66,23.9,24.07,289154
2025-11-21,23.48,23.48,22.15,22.15,490200
2025-11-24,22.4,23.2,22.29,22.49,396742
2025-11-25,22.83,23.95,22.53,23.59,480002
2025-11-26,23.61,23.75,23.03,23.08,312853
2025-11-27,24.1,24.73,23.66,23.94,553391
2025-11-28,23.96,24.82,23.7,24.69,431274
2025-12-01,25.48,25.85,24.73,25.01,526388
2025-12-02,24.64,24.78,24.36,24.61,299888
2025-12-03,24.8,26.34,24.55,25.68,657322
2025-12-04,26.9,27.91,26.42,26.71,755398
2025-12-05,26.89,27.21,26.28,27.01,488866
2025-12-08,27.03,27.21,26.23,26.73,515219
2025-12-09,26.5,26.51,25.08,25.27,514550
2025-12-10,25.58,26.16,25.22,26.07,448861
2025-12-11,25.81,26.12,25.16,25.18,362769
2025-12-12,26.1,26.66,25.91,26.44,567278
2025-12-15,25.86,27.0,25.72,26.18,396572
2025-12-16,25.73,25.98,24.82,25.27,421128
2025-12-17,25.59,26.67,25.36,26.42,406517
2025-12-18,26.91,27.6,26.55,26.99,386871
2025-12-19,26.93,28.35,26.51,28.05,487676
2025-12-22,28.05,28.8,27.8,28.4,434183
2025-12-23,28.1,28.47,27.65,27.91,376950
2025-12-24,27.8,27.91,27.11,27.48,412760
2025-12-25,26.7,27.11,26.46,26.94,383987
2025-12-26,27.24,27.88,26.75,27.79,447054
2025-12-29,28.27,28.65,27.25,27.41,469577
2025-12-30,26.02,27.8,25.99,27.57,506053
2025-12-31,27.48,28.29,27.23,27.88,404973
2026-01-05,28.28,28.56,27.6,28.28,396710
2026-01-06,28.74,31.11,28.68,31.11,672352
2026-01-07,31.67,32.88,31.44,32.2,750346
2026-01-08,31.9,33.12,31.06,31.37,497446
2026-01-09,31.01,33.98,31.01,33.82,568864
2026-01-12,34.73,36.65,33.63,35.89,673410
2026-01-13,35.55,37.68,35.02,36.83,626046
2026-01-14,37.85,40.48,37.81,40.0,698140
2026-01-15,40.9,42.85,39.2,40.6,897305
2026-01-16,39.99,41.03,38.55,38.62,775936
2026-01-19,37.94,38.3,36.88,37.51,761522
2026-01-20,38.51,38.79,36.45,38.12,635193
2026-01-21,38.23,41.09,37.24,40.97,672842
2026-01-22,39.81,40.7,38.85,39.94,498992
2026-01-23,40.7,42.58,40.27,41.98,545302
2026-01-26,44.35,46.18,44.22,45.94,727787
2026-01-27,43.8,45.35,41.73,44.38,820357
2026-01-28,43.94,47.8,42.81,46.75,718195
2026-01-29,46.77,48.19,42.88,43.5,913386
2026-01-30,42.0,42.36,39.15,39.82,874170
2026-02-02,36.71,37.88,35.84,35.84,1041794
2026-02-03,35.9,36.37,34.92,36.21,940409
2026-02-04,37.01,37.68,36.26,36.88,600401
2026-02-05,35.7,36.61,34.12,35.01,769796
2026-02-06,33.2,35.48,32.8,34.92,489718
2026-02-09,35.61,35.93,34.96,35.77,391987
2026-02-10,35.95,36.89,35.76,36.26,386903
2026-02-11,36.6,37.76,36.45,37.08,552727
2026-02-12,37.25,38.9,37.05,38.0,538612
2026-02-13,36.78,37.09,35.96,35.98,536244
2026-02-24,37.51,37.56,36.46,36.9,533695
2026-02-25,37.74,40.59,37.73,40.21,844510
2026-02-26,41.17,42.37,40.13,40.33,997557
2026-02-27,40.2,44.36,40.05,44.36,888711
2026-03-02,46.5,48.8,45.48,48.8,1303493
2026-03-03,45.69,46.98,43.92,43.92,1121095
2026-03-04,41.36,44.54,41.36,42.5,928722
2026-03-05,43.0,43.59,40.51,41.04,744185
2026-03-06,41.43,41.6,39.68,40.3,512091
2026-03-09,38.18,39.08,36.84,38.86,746139
2026-03-10,40.02,40.2,39.25,39.88,445078
2026-03-11,40.02,40.64,39.0,39.07,455254
2026-03-12,38.8,39.21,37.6,38.28,445755
2026-03-13,38.15,38.76,36.68,36.89,446500
2026-03-16,36.5,36.55,34.06,35.55,652894
2026-03-17,35.85,36.7,35.12,35.15,394118
2026-03-18,35.5,35.59,34.5,35.03,307158
2026-03-19,33.63,34.29,32.52,32.78,515522
2026-03-20,33.23,33.94,32.6,32.62,425932
2026-03-23,32.07,32.37,30.07,30.29,549124
2026-03-24,31.28,31.31,30.17,31.31,466476
2026-03-25,32.68,33.0,31.79,32.04,640122
2026-03-26,31.89,32.23,30.88,31.1,422234
2026-03-27,30.6,33.2,30.6,32.5,509282
2026-03-30,31.99,32.53,31.03,32.48,544096
2026-03-31,32.47,32.86,31.41,31.56,449810
2026-04-01,32.51,32.7,31.98,32.53,465433
2026-04-02,32.0,32.14,30.5,30.84,457890
2026-04-03,31.14,31.26,30.24,30.29,255525
2026-04-07,30.7,31.22,30.47,30.88,270914
2026-04-08,32.88,33.54,31.99,33.45,663771
2026-04-09,32.44,33.19,32.11,32.64,396574
2026-04-10,33.02,33.58,32.55,32.86,415977
2026-04-13,32.28,32.84,32.26,32.63,298822
2026-04-14,34.0,34.48,33.45,33.86,593291
2026-04-15,35.0,35.95,34.0,34.08,658080
2026-04-16,35.0,35.66,34.2,35.41,606821
2026-04-17,35.11,36.15,34.94,35.58,538434
2026-04-20,35.8,39.1,35.8,37.55,873098
2026-04-21,37.18,38.58,36.6,38.01,715364
2026-04-22,37.8,41.0,37.8,40.58,962208
2026-04-23,41.01,41.28,37.01,37.37,1288209
2026-04-24,36.9,38.33,36.5,37.94,787885
2026-04-27,37.96,39.14,37.79,38.19,685895
2026-04-28,36.49,36.49,34.86,34.93,904031
2026-04-29,34.9,36.42,34.62,36.06,608999
