| date | open | last | high | low | volume | amount | exchange |
| --- | --- | --- | --- | --- | --- | --- | --- |
| 2026-04-22 | 7102.91 | 7137.9 | 7138.64 | 7102.91 | 2804123196 | 20015550960728 | 0 |
| 2026-04-21 | 7122.64 | 7064.01 | 7137.27 | 7050.2 | 2981757129 | 21063162176827 | 0 |
| 2026-04-20 | 7117.05 | 7109.14 | 7122.65 | 7084.41 | 2630327000 | 18699362888780 | 0 |
| 2026-04-17 | 7074.55 | 7126.06 | 7147.52 | 7074.55 | 3621555103 | 25807418957284 | 0 |
| 2026-04-16 | 7037.78 | 7041.28 | 7051.23 | 7008.52 | 2986124846 | 21026141155643 | 0 |
| 2026-04-15 | 6978.17 | 7022.95 | 7026.24 | 6967.13 | 3062289004 | 21506302560642 | 0 |
| 2026-04-14 | 6910.2 | 6967.38 | 6969.42 | 6905.17 | 3024825368 | 21075107772496 | 0 |
| 2026-04-13 | 6806.47 | 6886.24 | 6887 | 6790.02 | 2885789475 | 19872238914324 | 0 |
| 2026-04-10 | 6839.24 | 6816.89 | 6845.77 | 6808.46 | 2781393842 | 18960455867591 | 0 |
| 2026-04-09 | 6783.69 | 6824.66 | 6835.31 | 6761.55 | 2977422971 | 2031989943265 | 0 |
| 2026-04-08 | 6754.36 | 6782.81 | 6793.5 | 6740.28 | 3502192139 | 23754703862331 | 0 |
| 2026-04-07 | 6601.93 | 6616.85 | 6618.26 | 6534.55 | 2731118503 | 18071401465576 | 0 |
| 2026-04-06 | 6587.66 | 6611.83 | 6618.13 | 6579.72 | 2316755811 | 15317995573844 | 0 |
| 2026-04-02 | 6512.61 | 6582.69 | 6601.91 | 6474.94 | 2716142439 | 17879523671781 | 0 |
| 2026-04-01 | 6556.56 | 6575.32 | 6609.67 | 6554.29 | 3352118456 | 22041251506106 | 0 |
| 2026-03-31 | 6395.88 | 6528.52 | 6539.05 | 6395.88 | 3868268393 | 25254067569068 | 0 |
| 2026-03-30 | 6403.37 | 6343.72 | 6427.31 | 6316.91 | 3264973385 | 20712076961892 | 0 |
| 2026-03-27 | 6453.89 | 6368.85 | 6453.89 | 6356.08 | 3141142335 | 20005464360265 | 0 |
| 2026-03-26 | 6555.86 | 6477.16 | 6573.22 | 6473.79 | 3002944635 | 19450552872037 | 0 |
| 2026-03-25 | 6598.35 | 6591.9 | 6633.94 | 6568.41 | 2919894001 | 19247649265192 | 0 |
| 2026-03-24 | 6552.09 | 6556.37 | 6595.75 | 6525.11 | 3088358984 | 20248424191928 | 0 |
| 2026-03-23 | 6574.96 | 6581 | 6651.62 | 6565.55 | 3486098260 | 22942012649060 | 0 |
| 2026-03-20 | 6594.66 | 6506.48 | 6594.66 | 6473.52 | 7040255867 | 45807283993518 | 0 |
| 2026-03-19 | 6583.12 | 6606.49 | 6636.74 | 6557.82 | 3244958242 | 21437784176191 | 0 |
| 2026-03-18 | 6697.16 | 6624.7 | 6705.18 | 6621.66 | 3009753418 | 19938713468225 | 0 |
| 2026-03-17 | 6722.35 | 6716.09 | 6754.3 | 6710.8 | 2900989570 | 19483307041181 | 0 |
| 2026-03-16 | 6674.37 | 6699.38 | 6729.79 | 6674.37 | 3025489352 | 20268902855002 | 0 |
| 2026-03-13 | 6673.49 | 6632.19 | 6733.3 | 6623.92 | 2964237203 | 19659384335365 | 0 |
| 2026-03-12 | 6725.48 | 6672.62 | 6740.88 | 6670.4 | 3496195599 | 23328784677798 | 0 |
| 2026-03-11 | 6790.09 | 6775.8 | 6811.15 | 6745.59 | 2979127057 | 20185969112821 | 0 |
| 2026-03-10 | 6796.56 | 6781.48 | 6845.08 | 6759.74 | 3146682858 | 21339166867870 | 0 |
| 2026-03-09 | 6699.8 | 6795.99 | 6810.44 | 6636.04 | 3701318518 | 25154123635143 | 0 |
| 2026-03-06 | 6769.03 | 6740.02 | 6773.42 | 6711.56 | 3407767395 | 22968420397648 | 0 |
| 2026-03-05 | 6851.08 | 6830.71 | 6870.43 | 6770.78 | 3703063165 | 25294550591797 | 0 |
| 2026-03-04 | 6831.69 | 6869.5 | 6885.94 | 6811.64 | 3193784051 | 21939699538345 | 0 |
| 2026-03-03 | 6800.26 | 6816.63 | 6840.05 | 6710.42 | 3509315001 | 23921701915267 | 0 |
| 2026-03-02 | 6824.36 | 6881.62 | 6901.01 | 6796.85 | 3458583834 | 23800659683731 | 0 |
| 2026-02-27 | 6856.54 | 6878.88 | 6882.96 | 6831.74 | 4585000092 | 31539665432857 | 0 |
| 2026-02-26 | 6944.74 | 6908.86 | 6947.25 | 6859.73 | 3452201112 | 23850774174652 | 0 |
| 2026-02-25 | 6915.15 | 6946.13 | 6952.51 | 6915.15 | 3302178966 | 22937364381102 | 0 |
| 2026-02-24 | 6837.37 | 6890.07 | 6899.17 | 6815.43 | 3167064220 | 21821294170295 | 0 |
| 2026-02-23 | 6901.25 | 6837.75 | 6916.96 | 6819.82 | 3261707166 | 22302738174317 | 0 |
| 2026-02-20 | 6843.26 | 6909.51 | 6915.86 | 6836.33 | 3339510807 | 23074383316075 | 0 |
| 2026-02-19 | 6861.34 | 6861.89 | 6879.12 | 6833.06 | 2928310082 | 20093741668575 | 0 |
| 2026-02-18 | 6855.48 | 6881.31 | 6909.12 | 6849.66 | 3039483897 | 20915630935265 | 0 |
| 2026-02-17 | 6819.86 | 6843.22 | 6866.99 | 6775.5 | 3297532611 | 22565741114247 | 0 |
| 2026-02-13 | 6834.27 | 6836.17 | 6881.96 | 6794.55 | 3419160612 | 23373963200936 | 0 |
| 2026-02-12 | 6957.54 | 6832.76 | 6973.22 | 6824.04 | 4529538927 | 30949252398849 | 0 |
| 2026-02-11 | 6976.48 | 6941.47 | 6993.48 | 6911.97 | 3743710728 | 25986855707090 | 0 |
| 2026-02-10 | 6974.49 | 6941.81 | 6986.83 | 6937.53 | 3494760616 | 24259964191755 | 0 |
| 2026-02-09 | 6917.26 | 6964.82 | 6980.1 | 6905.87 | 3363942486 | 23429253905343 | 0 |
| 2026-02-06 | 6816.74 | 6932.3 | 6944.89 | 6816.74 | 3842633801 | 26638290298672 | 0 |
| 2026-02-05 | 6837.39 | 6798.4 | 6857.85 | 6780.13 | 4330553016 | 29440831623974 | 0 |
| 2026-02-04 | 6924.5 | 6882.72 | 6936.09 | 6838.8 | 5124778011 | 35272412111870 | 0 |
| 2026-02-03 | 6985.45 | 6917.81 | 6993.08 | 6862.05 | 4509153173 | 31193464911711 | 0 |
| 2026-02-02 | 6916.64 | 6976.44 | 6991.92 | 6914.34 | 3598308215 | 25103381363455 | 0 |
| 2026-01-30 | 6947.27 | 6939.03 | 6964.09 | 6893.48 | 4261589883 | 29571300045833 | 0 |
| 2026-01-29 | 6977.74 | 6969.01 | 6992.84 | 6870.8 | 4116060486 | 28684866687539 | 0 |
| 2026-01-28 | 7002 | 6978.03 | 7002.28 | 6963.46 | 3337820014 | 23291408192292 | 0 |
| 2026-01-27 | 6965.96 | 6978.6 | 6988.82 | 6958.83 | 3227767584 | 22525298861702 | 0 |
| 2026-01-26 | 6923.23 | 6950.23 | 6964.66 | 6921.6 | 2988481117 | 20770631113807 | 0 |
| 2026-01-23 | 6907.85 | 6915.61 | 6932.96 | 6895.5 | 3228233542 | 22325204165391 | 0 |
| 2026-01-22 | 6914.44 | 6913.35 | 6934.75 | 6893.62 | 3309135655 | 22877212980494 | 0 |
| 2026-01-21 | 6810.71 | 6875.62 | 6910.39 | 6804.96 | 3815060468 | 26230906054990 | 0 |
| 2026-01-20 | 6865.24 | 6796.86 | 6871.17 | 6789.05 | 3891978612 | 26453233748758 | 0 |
| 2026-01-16 | 6960.54 | 6940.01 | 6967.3 | 6925.09 | 3990934078 | 27697122410661 | 0 |
| 2026-01-15 | 6969.46 | 6944.47 | 6979.34 | 6937.93 | 3127477579 | 21718674223038 | 0 |
| 2026-01-14 | 6937.41 | 6926.6 | 6941.3 | 6885.74 | 3368124418 | 23329650593719 | 0 |
| 2026-01-13 | 6977.41 | 6963.74 | 6985.83 | 6938.77 | 3224138595 | 22452062899545 | 0 |
| 2026-01-12 | 6944.12 | 6977.27 | 6986.33 | 6934.07 | 3030692220 | 21145957905839 | 0 |
| 2026-01-09 | 6927.83 | 6966.28 | 6978.36 | 6917.64 | 2965821560 | 20660743416997 | 0 |
| 2026-01-08 | 6914.11 | 6921.46 | 6931.28 | 6899.33 | 3184872055 | 22043964533800 | 0 |
| 2026-01-07 | 6945.07 | 6920.93 | 6965.69 | 6919.19 | 3236959017 | 22402766769526 | 0 |
| 2026-01-06 | 6908.03 | 6944.82 | 6948.69 | 6904.02 | 3321270692 | 23065627127215 | 0 |
| 2026-01-05 | 6892.19 | 6902.05 | 6920.38 | 6891.56 | 3473387045 | 23973491053942 | 0 |
| 2026-01-02 | 6878.11 | 6858.47 | 6894.87 | 6824.31 | 2633650179 | 18062810743166 | 0 |
| 2025-12-31 | 6898.82 | 6845.5 | 6901.42 | 6844.55 | 1711313425 | 11714796050838 | 0 |
| 2025-12-30 | 6900.44 | 6896.24 | 6913.25 | 6893.47 | 1709094551 | 11786326206388 | 0 |
| 2025-12-29 | 6903.6 | 6905.74 | 6920.21 | 6888.76 | 1932051863 | 13342247832394 | 0 |
| 2025-12-26 | 6936.02 | 6929.94 | 6945.77 | 6921.6 | 1439287607 | 9974176759254 | 0 |
| 2025-12-24 | 6904.91 | 6932.05 | 6937.32 | 6904.91 | 1071393997 | 7426956756904 | 0 |
| 2025-12-23 | 6872.41 | 6909.79 | 6910.88 | 6868.81 | 2232658694 | 15427202717214 | 0 |
| 2025-12-22 | 6865.21 | 6878.49 | 6882.03 | 6855.74 | 2609671147 | 17950596887928 | 0 |
| 2025-12-19 | 6792.62 | 6834.5 | 6840.02 | 6792.62 | 6820161930 | 46612396710585 | 0 |
| 2025-12-18 | 6778.06 | 6774.76 | 6816.13 | 6758.5 | 3311865878 | 22437096475639 | 0 |
| 2025-12-17 | 6802.88 | 6721.43 | 6812.26 | 6720.43 | 3443631007 | 23146124759380 | 0 |
| 2025-12-16 | 6800.12 | 6800.26 | 6819.27 | 6759.74 | 3218286691 | 21885186253340 | 0 |
| 2025-12-15 | 6860.19 | 6816.51 | 6861.59 | 6801.49 | 3281026151 | 22365147568553 | 0 |
| 2025-12-12 | 6886.85 | 6827.41 | 6899.85 | 6801.79 | 3163284987 | 21597043553094 | 0 |
| 2025-12-11 | 6861.3 | 6901 | 6903.46 | 6833.45 | 3110588589 | 21466171852689 | 0 |
| 2025-12-10 | 6833.49 | 6886.68 | 6900.67 | 6824.69 | 3514933517 | 24206222352854 | 0 |
| 2025-12-09 | 6840.61 | 6840.51 | 6864.92 | 6837.43 | 2757882544 | 18865323121057 | 0 |
| 2025-12-08 | 6875.2 | 6846.51 | 6878.27 | 6827.19 | 3191290438 | 21849201896671 | 0 |
| 2025-12-05 | 6866.32 | 6870.4 | 6895.78 | 6858.29 | 3146162668 | 21615395994227 | 0 |
| 2025-12-04 | 6866.47 | 6857.12 | 6866.47 | 6827.12 | 2961946147 | 20310420163517 | 0 |
| 2025-12-03 | 6815.29 | 6849.72 | 6862.42 | 6810.43 | 2967644778 | 20327535788762 | 0 |
| 2025-12-02 | 6830.96 | 6829.37 | 6851.55 | 6806.71 | 2996900655 | 20466943426237 | 0 |
| 2025-12-01 | 6812.3 | 6812.63 | 6843.65 | 6799.94 | 2786724935 | 18984925893929 | 0 |
| 2025-11-28 | 6822.52 | 6849.09 | 6850.86 | 6819.75 | 1479261103 | 10131592427946 | 0 |
| 2025-11-26 | 6793.55 | 6812.61 | 6831.44 | 6783.87 | 2724579024 | 18561494304693 | 0 |
| 2025-11-25 | 6697.03 | 6765.88 | 6776.4 | 6659.98 | 3295356681 | 22295987860844 | 0 |
| 2025-11-24 | 6636.54 | 6705.12 | 6715.75 | 6630.7 | 4453666392 | 29862367598327 | 0 |
| 2025-11-21 | 6555.77 | 6602.99 | 6660.05 | 6521.92 | 4020556228 | 26547692567922 | 0 |
| 2025-11-20 | 6737.93 | 6538.76 | 6770.35 | 6534.05 | 3725506076 | 24360190109506 | 0 |
| 2025-11-19 | 6625.84 | 6642.16 | 6689.75 | 6603.5 | 3101765442 | 20602422348235 | 0 |
| 2025-11-18 | 6641.19 | 6617.32 | 6666.63 | 6574.32 | 3291906077 | 21783595921454 | 0 |
| 2025-11-17 | 6713.61 | 6672.41 | 6754.5 | 6638.9 | 3196879298 | 21330889396767 | 0 |
| 2025-11-14 | 6672.14 | 6734.11 | 6774.31 | 6646.87 | 3114116339 | 20970801979622 | 0 |
| 2025-11-13 | 6826.47 | 6737.49 | 6828.05 | 6724.72 | 3371885452 | 22718044513995 | 0 |
| 2025-11-12 | 6867.77 | 6850.92 | 6869.91 | 6829.62 | 2948317943 | 20198690362058 | 0 |
| 2025-11-11 | 6815.64 | 6846.61 | 6855.13 | 6806.87 | 2798112864 | 19157587515791 | 0 |
| 2025-11-10 | 6785.36 | 6832.43 | 6841.32 | 6770.56 | 3147459093 | 21504793930786 | 0 |
| 2025-11-07 | 6696.18 | 6728.8 | 6730.11 | 6631.44 | 3552268846 | 23902506610965 | 0 |
| 2025-11-06 | 6787.59 | 6720.32 | 6796.68 | 6707.51 | 3602126821 | 24207444917703 | 0 |
| 2025-11-05 | 6769.77 | 6796.29 | 6829.78 | 6763.11 | 3497780397 | 23771929934227 | 0 |
| 2025-11-04 | 6788.52 | 6771.55 | 6820.21 | 6766.71 | 3766080803 | 25502204461555 | 0 |
| 2025-11-03 | 6882.32 | 6851.97 | 6882.32 | 6820.62 | 3696845759 | 25330676235295 | 0 |
| 2025-10-31 | 6879.17 | 6840.2 | 6879.17 | 6814.26 | 3777566754 | 25839312110711 | 0 |
| 2025-10-30 | 6860.5 | 6822.34 | 6880.75 | 6820.69 | 3911030954 | 26682382918712 | 0 |
| 2025-10-29 | 6910.95 | 6890.59 | 6920.34 | 6851.91 | 3970463970 | 27358839327042 | 0 |
